Ma	PAL
541.6602	0.2671
541.2389	0.2648
540.8149	0.2648
540.8178	0.2625
540.3938	0.2625
539.9726	0.2602
539.5514	0.2579
539.1273	0.2578
538.7062	0.2555
538.2821	0.2555
537.8609	0.2532
537.4369	0.2532
537.0128	0.2532
536.5916	0.2509
536.1675	0.2508
535.7464	0.2485
535.3223	0.2485
534.8982	0.2485
534.4742	0.2485
534.053	0.2462
533.6289	0.2462
533.2048	0.2461
532.7808	0.2461
532.3596	0.2438
531.9355	0.2438
531.5114	0.2438
531.0874	0.2437
530.6633	0.2437
530.2392	0.2437
529.8181	0.2414
529.394	0.2414
528.9699	0.2414
528.5459	0.2413
528.1218	0.2413
527.6977	0.2413
527.2736	0.2413
526.8496	0.2412
526.4255	0.2412
526.0014	0.2412
525.5773	0.2412
525.1562	0.2389
524.7321	0.2389
524.308	0.2388
523.884	0.2388
523.4599	0.2388
523.0358	0.2388
522.6117	0.2387
522.1877	0.2387
521.7635	0.2387
521.3395	0.2387
520.9154	0.2387
520.4885	0.2409
520.0644	0.2409
519.6402	0.2409
519.2162	0.2409
518.7922	0.2408
518.3681	0.2408
517.944	0.2408
517.52	0.2408
517.0959	0.2408
516.6718	0.2407
516.2477	0.2407
515.8237	0.2407
515.3996	0.2407
514.9755	0.2406
514.5514	0.2406
514.1274	0.2406
513.7033	0.2406
513.2792	0.2406
512.8552	0.2405
512.4311	0.2405
512.007	0.2405
511.5829	0.2405
511.1589	0.2405
510.7348	0.2404
510.3107	0.2404
509.8866	0.2404
509.4626	0.2404
509.0385	0.2403
508.6143	0.2403
508.1904	0.2403
507.7663	0.2403
507.3422	0.2403
506.9181	0.2402
506.4941	0.2402
506.07	0.2402
505.6459	0.2402
505.2218	0.2402
504.7978	0.2401
504.3708	0.2424
503.9466	0.2424
503.5226	0.2423
503.0986	0.2423
502.6745	0.2423
502.2504	0.2423
501.8293	0.24
501.4052	0.24
500.9811	0.2399
500.557	0.2399
500.1359	0.2376
499.7118	0.2376
499.2877	0.2376
498.8637	0.2375
498.4396	0.2375
498.0155	0.2375
497.5914	0.2375
497.1674	0.2375
496.7433	0.2374
496.3221	0.2351
495.898	0.2351
495.474	0.2351
495.0499	0.2351
494.6287	0.2328
494.2046	0.2327
493.7806	0.2327
493.3565	0.2327
492.9353	0.2304
492.5112	0.2304
492.0872	0.2304
491.6631	0.2303
491.242	0.228
490.8178	0.228
490.3938	0.228
489.9726	0.2257
489.5486	0.2257
489.1245	0.2256
488.7033	0.2233
488.2793	0.2233
487.8552	0.2233
487.4311	0.2233
487.0099	0.221
486.5859	0.2209
486.1618	0.2209
485.7406	0.2186
485.3166	0.2186
484.8925	0.2186
484.4684	0.2186
484.0472	0.2162
483.6232	0.2162
483.6261	0.2139
483.202	0.2139
482.7779	0.2139
482.3538	0.2139
481.9327	0.2116
481.5086	0.2116
481.0845	0.2115
480.6604	0.2115
480.2393	0.2092
479.8152	0.2092
479.3912	0.2092
478.967	0.2091
478.543	0.2091
478.1189	0.2091
477.6949	0.2091
477.2708	0.2091
476.8467	0.209
476.4226	0.209
476.0015	0.2067
475.5774	0.2067
475.1562	0.2044
474.7322	0.2044
474.3081	0.2043
473.884	0.2043
473.4599	0.2043
473.0359	0.2043
472.6118	0.2043
472.1877	0.2042
471.7637	0.2042
471.3396	0.2042
470.9155	0.2042
470.4914	0.2041
470.0674	0.2041
469.6433	0.2041
469.2192	0.2041
468.7951	0.2041
468.3711	0.204
467.947	0.204
467.5229	0.204
467.1018	0.2017
466.6777	0.2017
466.2565	0.1994
465.8324	0.1993
465.4083	0.1993
464.9843	0.1993
464.5631	0.197
464.1391	0.197
463.7149	0.197
463.2909	0.1969
462.8668	0.1969
462.4428	0.1969
462.0187	0.1969
461.5946	0.1968
461.1705	0.1968
460.7465	0.1968
460.3224	0.1968
459.8982	0.1968
459.4743	0.1967
459.0502	0.1967
458.6261	0.1967
458.202	0.1967
457.778	0.1967
457.3538	0.1966
456.9327	0.1943
456.5086	0.1943
456.0846	0.1943
455.6604	0.1943
455.2364	0.1942
454.8124	0.1942
454.3883	0.1942
453.9642	0.1942
453.5401	0.1942
453.1161	0.1941
452.692	0.1941
452.2679	0.1941
451.8437	0.1941
451.4198	0.1941
450.9957	0.194
450.5716	0.194
450.1476	0.194
449.7235	0.194
449.2993	0.1939
448.8753	0.1939
448.4513	0.1939
448.0272	0.1939
447.6031	0.1939
447.179	0.1938
446.755	0.1938
446.3309	0.1938
445.9068	0.1938
445.4798	0.196
445.0558	0.196
444.6317	0.196
444.2076	0.196
443.7835	0.1959
443.3566	0.1982
442.9325	0.1982
442.5084	0.1982
442.0844	0.1981
441.6574	0.2004
441.2333	0.2004
440.8092	0.2004
440.3852	0.2003
439.9582	0.2026
439.5341	0.2026
439.11	0.2026
438.686	0.2025
438.259	0.2048
437.8349	0.2048
437.4108	0.2048
436.9868	0.2046
436.5598	0.207
436.1357	0.207
435.7086	0.2092
435.2847	0.2092
434.8577	0.2115
434.4336	0.2115
434.0095	0.2114
433.5855	0.2114
433.1585	0.2137
432.7344	0.2137
432.3104	0.2136
431.8834	0.2159
431.4593	0.2159
431.0352	0.2159
430.6082	0.2181
430.1842	0.2181
429.7601	0.2181
429.336	0.218
428.9091	0.2203
428.4849	0.2203
428.0609	0.2203
427.6339	0.2225
427.2099	0.2225
426.7858	0.2225
426.3617	0.2225
425.9376	0.2224
425.5107	0.2247
425.0866	0.2247
424.6625	0.2247
424.2384	0.2246
423.8115	0.2269
423.3874	0.2269
422.9633	0.2269
422.5392	0.2268
422.1152	0.2268
421.6911	0.2268
421.267	0.2268
420.843	0.2268
420.4189	0.2267
419.9948	0.2267
419.5707	0.2267
419.1467	0.2267
418.7226	0.2266
418.2985	0.2266
417.8744	0.2266
417.4504	0.2266
417.0263	0.2266
416.6021	0.2265
416.1782	0.2265
415.7541	0.2265
415.33	0.2265
414.9088	0.2242
414.4848	0.2241
414.0607	0.2241
413.6366	0.2241
413.2126	0.2241
412.7885	0.2241
412.3644	0.224
411.9403	0.224
411.5163	0.224
411.0922	0.224
410.6681	0.224
410.244	0.2239
409.8199	0.2239
409.3959	0.2239
408.9718	0.2239
408.5448	0.2261
408.1208	0.2261
408.1179	0.2284
407.6938	0.2284
407.2668	0.2306
406.8427	0.2306
406.4187	0.2306
405.9917	0.2328
405.5647	0.2351
405.1377	0.2374
404.7137	0.2374
404.2896	0.2373
403.8626	0.2396
403.4385	0.2396
403.0116	0.2418
402.5875	0.2418
402.1634	0.2418
401.7364	0.2441
401.3094	0.2463
400.8824	0.2486
400.4584	0.2486
400.0343	0.2485
399.6074	0.2508
399.1833	0.2508
398.7563	0.253
398.3293	0.2553
397.9024	0.2576
397.4754	0.2598
397.0484	0.2621
396.6242	0.2621
396.2003	0.262
395.7732	0.2643
395.3463	0.2666
394.9222	0.2665
394.4953	0.2688
394.0683	0.2711
393.6413	0.2732
393.2143	0.2756
392.7873	0.2778
392.3604	0.2801
391.9363	0.2801
391.5093	0.2823
391.0823	0.2846
390.6583	0.2846
390.2313	0.2868
389.8072	0.2868
389.3801	0.2891
388.9533	0.2913
388.5263	0.2936
388.1022	0.2936
387.6781	0.2936
387.2511	0.2958
386.8271	0.2958
386.4001	0.2981
385.9731	0.3003
385.5491	0.3003
385.1221	0.3026
384.6951	0.3048
384.2681	0.3071
383.8411	0.3094
383.4142	0.3115
382.9872	0.3139
382.5631	0.3139
382.136	0.3161
381.7092	0.3184
381.2822	0.3206
380.8552	0.3229
380.4282	0.3252
380.4253	0.3274
379.9983	0.3296
379.5714	0.332
379.1444	0.3342
379.1415	0.3365
379.1386	0.3388
379.1357	0.3411
378.7086	0.3433
378.2817	0.3456
378.2788	0.3479
377.8518	0.3502
377.4249	0.3524
377.422	0.3547
376.995	0.357
376.568	0.3592
376.141	0.3615
376.1381	0.3638
375.7111	0.366
375.7082	0.3683
375.2812	0.3706
374.8542	0.3728
374.8514	0.3751
374.4243	0.3774
374.4215	0.3797
373.9945	0.3819
373.5675	0.3841
373.5646	0.3865
373.1377	0.3887
373.1348	0.391
372.7078	0.3933
372.2808	0.3955
372.2779	0.3978
371.8509	0.4001
371.8479	0.4024
371.4239	0.4022
371.421	0.4046
370.9941	0.4069
370.9912	0.4092
370.5642	0.4114
370.5613	0.4137
370.5584	0.416
370.5554	0.4183
370.5526	0.4205
370.1256	0.4228
370.1227	0.4251
369.6957	0.4274
369.6928	0.4296
369.2687	0.4296
369.2658	0.4319
368.8388	0.4342
368.8359	0.4365
368.409	0.4386
368.4061	0.441
368.4032	0.4433
367.9762	0.4455
367.9733	0.4478
367.5463	0.4501
367.5434	0.4524
367.5405	0.4546
367.5375	0.4569
367.1106	0.4592
367.1077	0.4615
366.6806	0.4637
366.2537	0.466
366.2508	0.4683
365.8239	0.4705
365.821	0.4727
365.818	0.4751
365.8151	0.4774
365.8122	0.4797
365.8093	0.482
365.8064	0.4842
365.3795	0.4865
365.3765	0.4888
364.9496	0.491
364.9466	0.4933
364.5197	0.4956
364.5168	0.4979
364.0898	0.5001
364.0869	0.5024
364.084	0.5047
364.0811	0.507
363.6541	0.5091
363.6512	0.5114
363.2242	0.5138
363.2213	0.5161
362.7944	0.5183
362.7913	0.5206
362.7885	0.5229
362.7856	0.5252
362.7827	0.5274
362.3558	0.5297
362.3529	0.532
361.9287	0.532
361.5018	0.5343
361.4989	0.5365
361.0719	0.5388
360.6449	0.5411
360.642	0.5433
360.2151	0.5455
360.2122	0.5479
360.2092	0.5502
360.2063	0.5525
360.2034	0.5547
360.2005	0.557
359.7736	0.5593
359.7707	0.5615
359.7677	0.5638
359.3408	0.5661
359.3378	0.5684
358.9109	0.5707
358.4839	0.5729
358.4809	0.5752
358.054	0.5775
358.0511	0.5796
357.624	0.5819
357.6212	0.5843
357.1943	0.5865
356.7673	0.5888
356.7644	0.5911
356.3403	0.5911
356.3374	0.5934
356.3345	0.5956
355.9075	0.5979
355.9045	0.6002
355.4776	0.6024
355.0507	0.6047
355.0478	0.607
355.0449	0.6093
354.6179	0.6115
354.1909	0.6138
354.188	0.616
353.7639	0.616
353.761	0.6183
353.334	0.6206
353.3311	0.6229
352.9042	0.6251
352.9013	0.6274
352.4743	0.6297
352.4714	0.632
352.0444	0.6341
351.6174	0.6364
351.1904	0.6388
351.1875	0.641
350.7606	0.6433
350.3336	0.6456
349.9095	0.6455
349.4854	0.6455
349.0585	0.6478
349.0556	0.6501
348.6286	0.6522
348.6257	0.6545
348.6228	0.6569
348.1958	0.6592
348.1929	0.6614
348.19	0.6637
348.1871	0.666
348.1842	0.6683
348.1813	0.6705
347.7543	0.6728
347.7513	0.6751
347.7485	0.6774
347.3215	0.6797
347.3186	0.6819
347.3157	0.6842
347.3128	0.6865
347.3099	0.6888
346.8829	0.6911
346.88	0.6933
346.8771	0.6956
346.8742	0.6979
346.8713	0.7002
346.8683	0.7025
346.4414	0.7046
346.4385	0.7069
346.4356	0.7093
346.4327	0.7116
346.4298	0.7139
346.4269	0.7161
346.424	0.7184
345.9969	0.7207
345.9941	0.7229
345.9912	0.7252
345.9883	0.7275
345.9854	0.7298
345.9825	0.7321
345.9796	0.7344
345.5526	0.7366
345.5497	0.7389
345.5468	0.7412
345.5439	0.7435
345.541	0.7458
345.5381	0.7481
345.1111	0.7503
345.1082	0.7526
345.1053	0.7549
345.1024	0.7572
345.0995	0.7595
345.0966	0.7617
345.0937	0.764
344.6667	0.7663
344.6638	0.7686
344.6609	0.7708
344.658	0.7731
344.6551	0.7753
344.6522	0.7776
344.2252	0.78
344.2223	0.7822
344.2194	0.7845
344.2165	0.7868
344.2136	0.7891
344.2107	0.7913
343.7837	0.7936
343.7808	0.7959
343.7779	0.7982
343.775	0.8005
343.7721	0.8028
343.7692	0.805
343.7663	0.8073
343.3393	0.8096
343.3364	0.8119
343.3335	0.8142
343.3306	0.8164
343.3277	0.8187
343.3248	0.821
342.8978	0.8233
342.8949	0.8256
342.892	0.8277
342.8891	0.83
342.8862	0.8324
342.8833	0.8347
342.8803	0.837
342.4534	0.8392
342.4505	0.8415
342.4476	0.8437
342.4447	0.846
342.4418	0.8484
342.4389	0.8506
342.0119	0.8529
342.009	0.8552
342.0061	0.8575
342.0032	0.8598
342.0003	0.862
341.9973	0.8643
341.9944	0.8666
341.5675	0.8689
341.5646	0.8711
341.5617	0.8734
341.5588	0.8757
341.5558	0.878
341.5529	0.8803
341.55	0.8826
341.1231	0.8848
341.1202	0.8871
341.1173	0.8894
341.1144	0.8917
341.1114	0.894
341.1085	0.8961
340.6816	0.8984
340.6787	0.9008
340.6758	0.9031
340.6729	0.9053
340.6699	0.9076
340.667	0.9099
340.6641	0.9122
340.2372	0.9144
340.2343	0.9167
340.2314	0.919
340.2284	0.9213
340.2255	0.9236
340.2226	0.9259
339.7957	0.9281
339.7928	0.9304
339.7898	0.9327
339.7869	0.935
339.784	0.9373
339.3571	0.9395
339.3542	0.9418
338.9272	0.9441
338.5002	0.9463
338.4973	0.9485
338.4944	0.9508
338.4915	0.9532
338.4886	0.9555
338.4857	0.9577
338.4828	0.96
338.0558	0.9623
338.0529	0.9646
338.05	0.9668
338.0471	0.9691
338.0442	0.9714
338.0413	0.9737
338.0384	0.976
338.0355	0.9783
338.0326	0.9806
338.0297	0.9828
338.0268	0.9851
338.0238	0.9874
338.0209	0.9897
337.5939	0.992
337.5911	0.9942
337.5882	0.9965
337.1612	0.9988
337.1583	1.0011
337.1554	1.0033
337.1525	1.0056
336.7255	1.0079
336.7226	1.0102
336.7197	1.0125
336.7168	1.0147
336.2898	1.017
336.2869	1.0193
336.284	1.0216
336.2811	1.0238
336.2782	1.0261
336.2753	1.0284
335.8483	1.0307
335.8454	1.033
335.8425	1.0352
335.8396	1.0375
335.8367	1.0398
335.8338	1.0421
335.4068	1.0444
335.4039	1.0466
335.401	1.0489
335.3981	1.0512
335.3952	1.0535
334.9682	1.0557
334.9653	1.058
334.9624	1.0603
334.9595	1.0626
334.9566	1.0649
334.5295	1.0671
334.5267	1.0694
334.5238	1.0717
334.0968	1.074
334.0939	1.0762
334.091	1.0785
334.0881	1.0808
333.6611	1.0831
333.6582	1.0854
333.6553	1.0876
333.2283	1.0899
333.2254	1.0922
333.2225	1.0945
333.2196	1.0968
333.2167	1.099
332.7896	1.1013
332.7868	1.1036
332.7839	1.1059
332.781	1.1081
332.3541	1.1104
332.3511	1.1127
332.3482	1.115
331.9213	1.1172
331.4971	1.1172
331.4943	1.1195
331.0673	1.1218
331.0644	1.124
330.6402	1.124
330.6374	1.1263
330.6345	1.1286
330.6316	1.1309
330.6287	1.1332
330.6258	1.1354
330.6229	1.1377
330.62	1.14
330.193	1.1423
330.1901	1.1445
329.7631	1.1468
329.3362	1.1491
329.3333	1.1514
329.3304	1.1536
329.3274	1.1559
329.3245	1.1582
328.8976	1.1605
328.8947	1.1627
328.8918	1.165
328.4647	1.1673
328.4619	1.1696
328.0349	1.1718
328.032	1.1741
328.0291	1.1764
327.6021	1.1787
327.5992	1.1809
327.1722	1.1832
327.1693	1.1855
326.7423	1.1877
326.3154	1.19
326.3125	1.1923
326.3096	1.1945
326.3067	1.1969
325.8797	1.1991
325.8768	1.2014
325.4498	1.2037
325.0228	1.2059
325.0199	1.2082
324.5929	1.2105
324.5899	1.2128
324.5871	1.215
324.1602	1.2173
323.7332	1.2196
323.7303	1.2218
323.3033	1.2241
322.8763	1.2264
322.4493	1.2286
322.0224	1.2309
322.0195	1.2332
321.5925	1.2354
321.1684	1.2354
320.7414	1.2377
320.3144	1.2399
319.8875	1.2422
319.8846	1.2445
319.4576	1.2467
319.0306	1.249
318.6065	1.249
318.1796	1.2511
317.7526	1.2535
317.3285	1.2535
316.9043	1.2535
316.4804	1.2534
316.0534	1.2557
315.6293	1.2557
315.6263	1.258
315.1994	1.2602
314.7725	1.2625
314.3484	1.2625
313.9214	1.2647
313.4944	1.267
313.0704	1.267
312.6434	1.2692
312.2164	1.2715
311.7894	1.2738
311.3653	1.2737
311.3624	1.276
310.9384	1.276
310.5143	1.276
310.0902	1.2759
309.6662	1.2759
309.2392	1.2782
308.8122	1.2805
308.3881	1.2804
307.9641	1.2804
307.5371	1.2827
307.1101	1.2849
306.686	1.2849
306.259	1.2872
305.835	1.2871
305.8321	1.2894
305.408	1.2894
304.9809	1.2917
304.554	1.2939
304.13	1.2939
303.7059	1.2939
303.2818	1.2939
302.8548	1.2961
302.4279	1.2984
302.0038	1.2984
301.5768	1.3006
301.1527	1.3006
300.7287	1.3006
300.3046	1.3006
299.8776	1.3028
299.8747	1.3051
299.4506	1.3051
299.4477	1.3074
299.0237	1.3074
298.5996	1.3073
298.1726	1.3096
297.7485	1.3096
297.3216	1.3118
297.3187	1.3141
296.8946	1.3141
296.8917	1.3164
296.4647	1.3186
296.4618	1.3209
296.0348	1.3232
295.6078	1.3254
295.6049	1.3277
295.1809	1.3277
294.7568	1.3277
294.3298	1.3299
294.3269	1.3322
293.8999	1.3345
293.897	1.3368
293.4729	1.3368
293.4701	1.339
293.0431	1.3413
293.0402	1.3436
292.6132	1.3458
292.6103	1.3481
292.6074	1.3504
292.6045	1.3527
292.1804	1.3527
291.7534	1.3549
291.7505	1.3572
291.3235	1.3595
290.8965	1.3617
290.8937	1.3639
290.4667	1.3663
290.4638	1.3686
290.0397	1.3685
289.6127	1.3708
289.6098	1.3731
289.1829	1.3753
288.7559	1.3776
288.3289	1.3799
288.326	1.3822
287.899	1.3844
287.472	1.3867
287.048	1.3867
286.621	1.3889
286.6181	1.3912
286.1911	1.3935
285.7641	1.3957
285.3401	1.3957
284.916	1.3957
284.4919	1.3957
284.0678	1.3956
283.6438	1.3956
283.2226	1.3933
282.7985	1.3933
282.3774	1.391
281.9562	1.3887
281.959	1.3864
281.962	1.3841
281.5408	1.3818
281.5436	1.3795
281.5466	1.3772
281.5495	1.375
281.5524	1.3727
281.1313	1.3704
281.1342	1.3681
281.1371	1.3658
281.14	1.3635
280.7187	1.3612
280.7217	1.3589
280.7246	1.3567
280.7275	1.3544
280.7304	1.3521
280.3093	1.3498
280.3122	1.3475
280.3151	1.3452
280.318	1.3429
280.3209	1.3407
279.8997	1.3383
279.9026	1.3361
279.9055	1.3338
279.9083	1.3315
279.4873	1.3292
279.4902	1.3269
279.4931	1.3246
279.0719	1.3223
278.6507	1.32
278.2296	1.3176
278.2325	1.3154
278.2354	1.3132
277.8142	1.3108
277.3901	1.3108
277.393	1.3085
277.3959	1.3063
277.3989	1.304
277.4018	1.3017
277.4047	1.2993
277.4076	1.2971
276.9864	1.2948
276.9893	1.2925
276.9922	1.2903
276.571	1.288
276.5739	1.2857
276.5768	1.2833
276.5798	1.2811
276.5827	1.2788
276.5856	1.2765
276.5885	1.2743
276.5914	1.272
276.5943	1.2697
276.1731	1.2674
276.176	1.2651
276.1789	1.2628
276.1818	1.2605
276.1847	1.2583
275.7607	1.2582
275.7635	1.2559
275.7665	1.2537
275.7694	1.2514
275.3482	1.249
275.3511	1.2468
274.9299	1.2445
274.9327	1.2422
274.5117	1.2399
274.5146	1.2376
274.5175	1.2353
274.5204	1.2331
274.0992	1.2308
274.1021	1.2285
273.678	1.2284
273.681	1.2262
273.6839	1.2239
273.2627	1.2216
273.2656	1.2193
273.2685	1.217
272.8473	1.2147
272.8502	1.2124
272.8531	1.2101
272.8559	1.2079
272.4349	1.2056
272.4378	1.2033
272.4407	1.201
272.4436	1.1987
272.0224	1.1964
272.0253	1.1941
271.6013	1.1941
271.6042	1.1918
271.183	1.1895
270.7618	1.1872
270.7647	1.1849
270.3436	1.1826
270.3465	1.1803
269.9253	1.178
269.9282	1.1757
269.507	1.1734
269.5099	1.1712
269.0888	1.1689
269.0917	1.1666
269.0946	1.1643
268.6734	1.162
268.2522	1.1597
267.8282	1.1597
267.407	1.1574
266.9858	1.155
266.5647	1.1527
266.1435	1.1504
265.7223	1.1481
265.3012	1.1458
264.88	1.1435
264.4559	1.1435
264.0347	1.1412
263.6136	1.1389
263.1895	1.1389
262.7654	1.1389
262.3414	1.1388
261.9202	1.1365
261.4961	1.1365
261.072	1.1365
260.648	1.1365
260.2239	1.1364
259.7997	1.1364
259.3758	1.1364
258.9517	1.1364
258.5276	1.1364
258.1035	1.1363
257.6795	1.1363
257.2525	1.1386
256.8284	1.1386
256.4043	1.1385
255.9774	1.1408
255.5533	1.1408
255.1292	1.1408
254.705	1.1407
254.7022	1.143
254.2753	1.1453
253.8512	1.1453
253.4242	1.1475
253.0001	1.1475
252.576	1.1475
252.1491	1.1497
251.725	1.1497
251.7221	1.152
251.298	1.152
250.8711	1.1542
250.8681	1.1565
250.4412	1.1588
250.0171	1.1588
249.5901	1.161
249.1661	1.161
248.742	1.161
248.315	1.1632
247.8909	1.1632
247.464	1.1655
247.037	1.1677
247.0341	1.17
246.6099	1.17
246.183	1.1723
245.7589	1.1722
245.3378	1.1699
244.9165	1.1676
244.4954	1.1653
244.0743	1.163
243.6531	1.1607
243.229	1.1607
242.8079	1.1584
242.3867	1.1561
242.3896	1.1538
241.9684	1.1515
241.9713	1.1492
241.9742	1.1469
241.5531	1.1446
241.556	1.1423
241.1348	1.14
240.7136	1.1377
240.7165	1.1355
240.7195	1.1332
240.7224	1.1309
240.7252	1.1286
240.7282	1.1263
240.307	1.124
239.8858	1.1217
239.8887	1.1194
239.8916	1.1171
239.8944	1.1149
239.4734	1.1126
239.4763	1.1103
239.0551	1.108
239.058	1.1057
239.0609	1.1034
238.6398	1.1011
238.2186	1.0988
237.7974	1.0965
237.8003	1.0942
237.8032	1.0919
237.382	1.0896
236.9609	1.0873
236.5396	1.085
236.5426	1.0827
236.1186	1.0827
235.6974	1.0804
235.7003	1.0781
235.2791	1.0758
234.858	1.0735
234.4368	1.0712
234.0156	1.0689
233.5944	1.0666
233.1733	1.0643
232.7521	1.062
232.3309	1.0597
231.9098	1.0574
231.4886	1.0551
231.0674	1.0528
230.6463	1.0505
230.6492	1.0482
230.2251	1.0482
230.228	1.0459
229.8068	1.0436
229.3857	1.0413
229.3886	1.039
228.9674	1.0367
228.5462	1.0344
228.1251	1.0321
228.128	1.0298
227.7039	1.0298
227.7067	1.0275
227.2856	1.0252
227.2885	1.0229
226.8645	1.0229
226.4433	1.0206
226.0221	1.0183
225.601	1.016
225.1769	1.0159
224.7528	1.0159
224.3287	1.0159
223.9047	1.0159
223.4835	1.0136
223.0594	1.0136
222.6324	1.0158
222.2084	1.0158
221.7843	1.0158
221.3602	1.0158
220.9362	1.0157
220.5121	1.0157
220.088	1.0157
219.6639	1.0157
219.2399	1.0156
218.8157	1.0156
218.3917	1.0156
217.9647	1.0179
217.5407	1.0178
217.1166	1.0178
216.6896	1.0201
216.2656	1.0201
215.8415	1.02
215.4174	1.02
214.9933	1.02
214.5693	1.02
214.1423	1.0222
213.7182	1.0222
213.2912	1.0245
212.8672	1.0245
212.4431	1.0244
212.0161	1.0267
211.592	1.0267
211.168	1.0267
210.741	1.0289
210.314	1.0312
209.8899	1.0312
209.463	1.0334
209.036	1.0357
208.6118	1.0357
208.1878	1.0356
207.7638	1.0356
207.3397	1.0356
206.9156	1.0356
206.4915	1.0356
206.0675	1.0355
205.6404	1.0378
205.2164	1.0378
205.2135	1.0401
204.7894	1.04
204.3654	1.04
203.9413	1.04
203.5143	1.0423
203.0902	1.0422
202.6662	1.0422
202.2421	1.0422
201.818	1.0422
201.394	1.0421
200.9699	1.0421
200.5457	1.0421
200.1188	1.0444
199.6947	1.0443
199.2707	1.0443
198.8466	1.0443
198.4224	1.0443
197.9985	1.0443
197.5744	1.0442
197.1474	1.0465
196.7233	1.0465
196.2993	1.0465
195.8723	1.0487
195.4482	1.0487
195.0241	1.0487
194.6	1.0486
194.176	1.0486
193.7519	1.0486
193.3279	1.0486
192.9038	1.0486
192.4768	1.0508
192.0527	1.0508
191.6258	1.0531
191.1988	1.0553
190.7747	1.0553
190.3477	1.0576
189.9207	1.0598
189.4967	1.0598
189.0726	1.0598
188.6456	1.062
188.2186	1.0643
187.7946	1.0643
187.3676	1.0665
186.9405	1.0688
186.5135	1.0711
186.0867	1.0733
185.6597	1.0756
185.2327	1.0779
184.8056	1.0801
184.3817	1.0801
183.9546	1.0824
183.9518	1.0846
183.5276	1.0846
183.1007	1.0869
183.0977	1.0892
182.6707	1.0914
182.2439	1.0937
181.8169	1.0959
181.814	1.0982
181.3899	1.0982
181.387	1.1005
180.96	1.1028
180.9571	1.105
180.9542	1.1073
180.5272	1.1096
180.1003	1.1118
180.0974	1.1141
179.6703	1.1164
179.2434	1.1186
178.8193	1.1186
178.3953	1.1186
177.9712	1.1186
177.5442	1.1208
177.1201	1.1208
177.1172	1.1231
176.6932	1.1231
176.2691	1.1231
175.842	1.1253
175.418	1.1253
174.991	1.1276
174.567	1.1275
174.14	1.1298
173.713	1.132
173.289	1.132
172.8649	1.132
172.862	1.1343
172.4379	1.1343
172.0109	1.1365
171.5869	1.1365
171.1628	1.1365
170.7358	1.1388
170.3117	1.1387
169.8877	1.1387
169.4607	1.141
169.0337	1.1432
168.6067	1.1455
168.1798	1.1478
167.7528	1.15
167.3287	1.15
166.9017	1.1522
166.4777	1.1522
166.0507	1.1545
165.6237	1.1568
165.6208	1.1591
165.1938	1.1613
164.7668	1.1636
164.3399	1.1658
163.9158	1.1658
163.4888	1.1681
163.0618	1.1703
162.6349	1.1726
162.2079	1.1749
161.7809	1.1771
161.3538	1.1794
160.9268	1.1817
160.5	1.1839
160.4971	1.1862
160.0701	1.1885
159.6431	1.1907
159.2161	1.193
158.7892	1.1952
158.3622	1.1975
158.3593	1.1998
157.9352	1.1998
157.9323	1.202
157.5082	1.202
157.5053	1.2043
157.5024	1.2066
157.0754	1.2089
156.6484	1.2111
156.6456	1.2134
156.6425	1.2157
156.2157	1.2179
155.7887	1.2202
155.3617	1.2225
154.9346	1.2247
154.5078	1.227
154.0808	1.2292
153.6566	1.2292
153.2297	1.2315
152.8028	1.2338
152.3787	1.2337
151.9546	1.2337
151.5305	1.2337
151.1036	1.2359
150.6795	1.2359
150.2554	1.2359
149.8313	1.2359
149.4073	1.2359
148.9832	1.2358
148.5591	1.2358
148.135	1.2358
147.7109	1.2358
147.2869	1.2358
146.8628	1.2357
146.4417	1.2334
146.0176	1.2334
146.0205	1.2311
145.5964	1.2311
145.1753	1.2288
144.7541	1.2265
144.3329	1.2242
143.9117	1.2219
143.4877	1.2219
143.0665	1.2196
142.6423	1.2195
142.2213	1.2172
141.7972	1.2172
141.376	1.2149
140.952	1.2149
140.5308	1.2126
140.1067	1.2126
139.6825	1.2125
139.2586	1.2125
138.8374	1.2102
138.4133	1.2102
137.9922	1.2079
137.5681	1.2079
137.144	1.2078
136.7199	1.2078
136.7227	1.2055
136.3017	1.2032
135.8776	1.2032
135.4564	1.2009
135.0295	1.2032
134.6025	1.2054
134.1755	1.2077
133.7485	1.21
133.3215	1.2122
133.3186	1.2145
132.8917	1.2168
132.8888	1.219
132.4618	1.2213
132.0348	1.2236
132.0319	1.2259
131.6049	1.2281
131.6019	1.2304
131.175	1.2327
131.1721	1.2349
131.1692	1.2372
130.7423	1.2395
130.3153	1.2417
130.3124	1.244
129.8854	1.2463
129.8824	1.2486
129.4555	1.2508
129.4526	1.253
129.0256	1.2554
129.0227	1.2577
128.5986	1.2576
128.5957	1.2599
128.5928	1.2622
128.1659	1.2645
128.163	1.2668
127.736	1.269
127.733	1.2713
127.3061	1.2736
127.3032	1.2758
126.8791	1.2758
126.8761	1.2781
126.4492	1.2804
126.4463	1.2826
126.4434	1.2849
126.0165	1.2872
126.0135	1.2894
125.5866	1.2917
125.5836	1.294
125.5808	1.2963
125.5779	1.2986
125.1509	1.3008
124.7239	1.3031
124.721	1.3054
124.294	1.3077
124.2911	1.3099
124.2882	1.3122
123.8612	1.3145
123.8582	1.3168
123.8554	1.319
123.8525	1.3213
123.8496	1.3235
123.8467	1.3259
123.8437	1.3282
123.4197	1.3282
122.9928	1.3304
122.9898	1.3327
122.9868	1.335
122.984	1.3373
122.5571	1.3395
122.5542	1.3418
122.1272	1.3441
122.1243	1.3464
121.6973	1.3486
121.2703	1.3509
120.8462	1.3509
120.8433	1.3531
120.8404	1.3554
120.8375	1.3577
120.4106	1.3599
120.4077	1.3623
120.4047	1.3645
120.4018	1.3668
119.9748	1.3691
119.5479	1.3713
119.545	1.3736
119.5421	1.3759
119.1151	1.3782
119.1122	1.3805
118.6852	1.3827
118.2582	1.385
117.8313	1.3872
117.8284	1.3895
117.4043	1.3895
117.4014	1.3918
116.9744	1.394
116.9715	1.3963
116.5445	1.3986
116.5415	1.4009
116.5387	1.4032
116.5358	1.4054
116.1088	1.4077
115.6819	1.41
115.2549	1.4122
114.8279	1.4144
114.4009	1.4167
113.9739	1.419
113.547	1.4213
113.12	1.4235
113.1171	1.4258
112.6901	1.4281
112.6872	1.4304
112.2602	1.4325
111.8332	1.4349
111.8303	1.4372
111.8274	1.4394
111.8245	1.4417
111.8216	1.444
111.8187	1.4463
111.8157	1.4485
111.8129	1.4509
111.81	1.4531
111.8071	1.4554
111.3801	1.4577
111.3772	1.46
110.9502	1.4622
110.9473	1.4645
110.9444	1.4668
110.5175	1.4691
110.5146	1.4713
110.0876	1.4736
110.0847	1.4759
110.0818	1.4782
109.6548	1.4804
109.2278	1.4827
109.2248	1.4849
108.7979	1.4872
108.795	1.4895
108.7921	1.4918
108.7892	1.4941
108.3622	1.4963
108.3593	1.4986
107.9324	1.5009
107.5053	1.5032
107.5025	1.5053
107.0755	1.5077
107.0726	1.51
106.6456	1.5122
106.6427	1.5145
106.2157	1.5168
106.2128	1.5191
105.7859	1.5213
105.7829	1.5236
105.3559	1.5259
104.929	1.5281
104.5049	1.5281
104.502	1.5304
104.0779	1.5304
103.651	1.5326
103.224	1.5349
102.797	1.5372
102.7941	1.5394
102.3671	1.5417
101.9431	1.5417
101.5161	1.5439
101.0891	1.5462
100.665	1.5462
100.241	1.5462
100.238	1.5484
99.814	1.5484
99.387	1.5507
98.9628	1.5507
98.96	1.5529
98.5359	1.5529
98.1118	1.5529
97.6878	1.5529
97.2608	1.5551
96.8368	1.5551
96.4127	1.5551
95.9886	1.5551
95.5615	1.5573
95.1376	1.5573
94.7135	1.5573
94.2894	1.5573
93.8653	1.5573
93.4413	1.5572
93.0172	1.5572
92.5931	1.5572
92.172	1.5549
91.7508	1.5526
91.3267	1.5526
90.9026	1.5525
90.4815	1.5502
90.0574	1.5502
89.6333	1.5502
89.2122	1.5479
88.7881	1.5479
88.3669	1.5455
87.9457	1.5433
87.5217	1.5432
87.1005	1.5409
86.6764	1.5409
86.2524	1.5409
85.8312	1.5386
85.4071	1.5386
84.983	1.5385
84.559	1.5385
84.1349	1.5385
84.1378	1.5362
83.7166	1.5339
83.2926	1.5339
82.8685	1.5339
82.4444	1.5338
82.0232	1.5314
81.6021	1.5292
81.1809	1.5269
80.7597	1.5246
80.3386	1.5223
79.9174	1.52
79.4933	1.52
79.0693	1.52
78.6481	1.5177
78.651	1.5154
78.2269	1.5154
78.2298	1.5131
77.8058	1.5131
77.3817	1.513
76.9605	1.5107
76.5393	1.5084
76.1182	1.5061
75.697	1.5038
75.2729	1.5038
75.2758	1.5015
74.8518	1.5015
74.4306	1.4992
74.0094	1.4969
73.5854	1.4969
73.1642	1.4946
72.7401	1.4945
72.3189	1.4922
71.8949	1.4922
71.4708	1.4922
71.0496	1.4899
70.6284	1.4876
70.2044	1.4876
69.7832	1.4853
69.3592	1.4852
68.938	1.4828
68.5139	1.4828
68.5168	1.4806
68.0927	1.4806
67.6716	1.4783
67.2504	1.476
66.8263	1.476
66.4022	1.476
65.9811	1.4737
65.5598	1.4714
65.1388	1.4689
64.7176	1.4667
64.2934	1.4667
63.8723	1.4644
63.4512	1.4621
63.0271	1.4621
62.603	1.4621
62.179	1.462
61.7578	1.4597
61.3366	1.4574
60.9125	1.4574
60.4914	1.4551
60.0673	1.4551
59.6461	1.4527
59.225	1.4505
58.8009	1.4505
58.3768	1.4504
57.9527	1.4504
57.5316	1.4481
57.1075	1.4481
56.6834	1.4481
56.2594	1.448
55.8353	1.448
55.4112	1.448
54.987	1.448
54.5659	1.4457
54.1419	1.4457
53.7178	1.4456
53.2909	1.4479
52.8668	1.4479
52.4398	1.4501
52.0128	1.4524
51.5888	1.4524
51.1618	1.4546
50.7377	1.4546
50.3107	1.4569
49.8838	1.4591
49.4567	1.4614
49.0298	1.4637
48.6057	1.4636
48.1787	1.4659
47.7547	1.4659
47.3306	1.4659
46.9036	1.4681
46.4795	1.4681
46.0555	1.4681
45.6314	1.4681
45.2073	1.468
44.7833	1.468
44.3592	1.468
43.9351	1.468
43.5139	1.4657
43.0899	1.4656
42.6686	1.4633
42.2446	1.4633
41.8235	1.461
41.4022	1.4586
40.9782	1.4586
40.5571	1.4564
40.1359	1.4541
39.7147	1.4518
39.2934	1.4495
38.8723	1.4472
38.4512	1.4449
38.03	1.4426
37.6089	1.4403
37.1877	1.438
36.7665	1.4356
36.3454	1.4333
35.9242	1.431
35.503	1.4287
35.0819	1.4264
34.6606	1.4241
34.2395	1.4218
34.2424	1.4195
33.8213	1.4172
33.4001	1.4149
32.9788	1.4126
32.5577	1.4102
32.5607	1.408
32.1366	1.408
31.7154	1.4057
31.7183	1.4034
31.2972	1.4011
31.3001	1.3988
30.8789	1.3965
30.8818	1.3942
30.4606	1.392
30.4635	1.3897
30.0424	1.3874
29.6212	1.3851
29.2	1.3828
29.2029	1.3805
28.7789	1.3805
28.7818	1.3782
28.7847	1.3759
28.3635	1.3736
28.3664	1.3713
27.9452	1.369
27.9481	1.3667
27.527	1.3644
27.5299	1.362
27.5328	1.3598
27.1116	1.3575
27.1145	1.3553
27.1174	1.353
27.1203	1.3507
26.6992	1.3484
26.278	1.3461
25.8568	1.3437
25.4357	1.3415
25.0145	1.3392
25.0174	1.3369
25.0203	1.3346
24.5991	1.3323
24.6019	1.33
24.1809	1.3277
24.1838	1.3254
23.7626	1.3231
23.7654	1.3208
23.7684	1.3186
23.3472	1.3162
22.9232	1.3162
22.502	1.3139
22.5049	1.3115
22.5078	1.3094
22.5107	1.3071
22.5135	1.3048
22.0925	1.3025
22.0954	1.3002
21.6742	1.2979
21.6771	1.2955
21.2559	1.2933
21.2588	1.291
21.2617	1.2887
20.8406	1.2864
20.8435	1.2842
20.8464	1.2819
20.4252	1.2796
20.4281	1.2772
20.0069	1.275
20.0098	1.2727
19.5887	1.2704
19.5916	1.2681
19.1703	1.2658
19.1733	1.2635
18.7522	1.2612
18.7551	1.2589
18.758	1.2567
18.7609	1.2544
18.7638	1.2521
18.3426	1.2498
17.9214	1.2475
17.5003	1.2452
17.5032	1.2429
17.5061	1.2406
17.509	1.2383
17.0878	1.236
16.6665	1.2337
16.2455	1.2314
16.2484	1.2291
16.2513	1.2268
15.83	1.2245
15.4089	1.2222
15.4119	1.22
15.4148	1.2177
14.9936	1.2154
14.9965	1.2131
14.5753	1.2107
14.5782	1.2085
14.5811	1.2062
14.584	1.2039
14.5869	1.2017
14.1629	1.2016
13.7417	1.1993
13.7446	1.197
13.7475	1.1948
13.3263	1.1925
12.9052	1.1902
12.9081	1.1879
12.911	1.1856
12.4898	1.1833
12.4927	1.181
12.0716	1.1787
12.0745	1.1764
12.0774	1.1741
11.6562	1.1718
11.6591	1.1695
11.2379	1.1672
11.2408	1.165
10.8197	1.1626
10.3985	1.1602
10.4014	1.1581
9.9802	1.1558
9.983	1.1535
9.562	1.1512
9.5649	1.1489
9.1437	1.1466
8.7225	1.1443
8.7254	1.142
8.7283	1.1397
8.3072	1.1374
7.886	1.1351
7.4619	1.1351
7.4647	1.1328
7.0408	1.1328
6.6196	1.1305
6.1984	1.1282
6.2013	1.1259
6.2042	1.1236
5.7831	1.1213
5.3618	1.119
5.3648	1.1167
5.3677	1.1144
4.9465	1.1121
4.5253	1.1098
4.1042	1.1075
3.683	1.1052
3.6859	1.1029
3.2648	1.1006
2.8436	1.0983
2.4224	1.096
2.0013	1.0937
2.0042	1.0914
1.58	1.0914
1.583	1.0891
1.1589	1.0891
0.7378	1.0868
0.3136	1.0868
-0.1104	1.0868
-0.5314	1.0844
