Ma	O2percent
549.4485	5.3317
548.729	5.3311
547.2903	5.3296
546.5732	5.2657
545.8538	5.2651
544.415	5.2637
543.6956	5.263
542.9762	5.2623
541.5396	5.1977
540.8203	5.197
539.3815	5.1956
538.6621	5.1949
537.9426	5.1942
536.5061	5.1296
535.7867	5.1289
534.3479	5.1275
533.6284	5.1269
532.9091	5.1262
531.4726	5.0615
530.7532	5.0608
529.3144	5.0594
528.595	5.0588
527.8756	5.0581
526.4368	5.0567
525.7174	5.0561
524.998	5.0554
523.5592	5.054
522.842	4.99
521.4033	4.9887
520.6839	4.988
519.9645	4.9872
518.5257	4.9859
517.8063	4.9853
516.3675	4.9839
515.6481	4.9832
514.9287	4.9825
513.4899	4.9811
512.7728	4.9172
511.334	4.9158
510.6146	4.9151
509.8952	4.9144
508.4586	4.8498
507.7391	4.8491
506.3004	4.8477
505.581	4.8471
504.8616	4.8464
503.4228	4.845
502.7057	4.781
501.9863	4.7804
500.5474	4.779
499.8281	4.7783
498.3893	4.777
497.6699	4.7763
496.9505	4.7755
495.514	4.7109
494.7946	4.7102
493.358	4.6456
492.6387	4.6449
491.9193	4.6442
490.4805	4.6429
489.761	4.6421
488.3223	4.6408
487.6051	4.5768
486.8857	4.5762
485.4469	4.5748
484.7276	4.5741
483.2888	4.5727
482.5694	4.5721
481.85	4.5714
480.4112	4.5699
479.6918	4.5693
478.9724	4.5686
477.5358	4.504
476.8164	4.5032
475.3776	4.5019
474.6582	4.5013
473.9411	4.4373
472.5023	4.4359
471.7829	4.4352
470.3464	4.3706
469.627	4.3699
468.9076	4.3692
467.4687	4.3679
466.7517	4.3039
465.3129	4.3025
464.5935	4.3018
463.874	4.3011
462.4353	4.2998
461.7159	4.2991
460.9987	4.2351
459.5598	4.2338
458.8405	4.2331
457.404	4.1684
456.6846	4.1677
455.9651	4.1671
454.5264	4.1657
453.807	4.165
452.3682	4.1636
451.6488	4.163
450.9317	4.099
449.4929	4.0976
448.7734	4.0969
447.337	4.0323
446.6153	4.0949
445.8936	4.1575
444.4525	4.2194
443.733	4.2187
442.2921	4.2807
441.5727	4.28
440.851	4.3426
439.4099	4.4045
438.6905	4.4038
437.971	4.4031
436.53	4.4651
435.8084	4.5276
434.3696	4.5263
433.6479	4.5889
432.9262	4.6515
431.4874	4.6501
430.7657	4.7128
429.3269	4.7114
428.6053	4.774
427.8859	4.7732
426.4447	4.8352
425.7254	4.8345
424.2843	4.8965
423.5626	4.959
422.8432	4.9584
421.4021	5.0203
420.6827	5.0196
419.9611	5.0822
418.5223	5.0809
417.8006	5.1435
416.3595	5.2054
415.6401	5.2046
414.9207	5.204
413.4796	5.266
412.758	5.3286
411.3169	5.3905
410.5975	5.3898
409.878	5.3891
408.437	5.451
407.7176	5.4504
406.9959	5.513
405.5549	5.5749
404.8355	5.5742
403.3944	5.636
402.6726	5.6987
401.9533	5.6981
400.5122	5.76
399.7928	5.7593
398.3518	5.8212
397.6324	5.8205
396.9061	6.0097
395.4605	6.1982
394.7343	6.3874
393.2886	6.5758
392.5692	6.5752
391.8453	6.701
390.3997	6.8896
389.6734	7.0788
388.9495	7.2046
387.5016	7.4565
386.7776	7.5824
385.3274	7.8975
384.6035	8.0234
383.8795	8.1493
382.4316	8.401
381.7008	8.7168
380.9746	8.906
379.5267	9.1578
378.8027	9.2837
377.3571	9.4722
376.6309	9.6614
375.9069	9.7873
374.459	10.039
373.7328	10.2282
372.2826	10.5433
371.5473	10.9856
370.8256	11.0483
369.3572	11.8696
368.6333	11.9955
367.9002	12.3746
366.4432	12.8795
365.7101	13.2586
364.9748	13.7008
363.5178	14.2059
362.7847	14.5849
361.3277	15.0899
360.5946	15.4689
359.8707	15.5948
358.4022	16.4162
357.6783	16.5421
356.9453	16.9212
355.4883	17.4261
354.7551	17.8051
353.2982	18.3101
352.5629	18.7524
351.8275	19.1948
350.3705	19.6997
349.642	19.9522
348.9158	20.1414
347.4588	20.6463
346.7325	20.8355
345.9995	21.2146
344.5561	21.3397
343.8344	21.4024
342.3865	21.6542
341.6602	21.8433
340.9364	21.9691
339.4907	22.1577
338.7645	22.3469
337.3189	22.5354
336.5926	22.7246
335.871	22.7872
334.4208	23.1023
333.6968	23.2282
332.9752	23.2908
331.5272	23.5426
330.8056	23.6052
329.3577	23.857
328.6337	23.9828
327.912	24.0455
326.4641	24.2973
325.7425	24.3599
324.2945	24.6117
323.5706	24.7376
322.8489	24.8002
321.4033	24.9887
320.6816	25.0513
319.9622	25.0506
318.5166	25.2391
317.7949	25.3017
316.3538	25.3636
315.632	25.4262
314.9104	25.4888
313.4694	25.5508
312.75	25.5501
311.3066	25.6753
310.5872	25.6745
309.8656	25.7372
308.4222	25.8624
307.7027	25.8617
306.9811	25.9243
305.5423	25.923
304.8229	25.9223
303.3796	26.0475
302.6602	26.0468
301.9407	26.0461
300.4974	26.1714
299.7758	26.234
298.337	26.2326
297.613	26.3585
296.8936	26.3578
295.4525	26.4197
294.733	26.4191
293.2943	26.4177
292.5749	26.417
291.8578	26.353
290.4213	26.2884
289.7042	26.2244
288.987	26.1604
287.5505	26.0958
286.8334	26.0318
285.3969	25.967
284.6797	25.9032
283.9626	25.8392
282.5261	25.7746
281.809	25.7106
280.3724	25.6459
279.6553	25.5819
278.9382	25.518
277.5017	25.4533
276.7846	25.3894
275.3503	25.2614
274.6309	25.2607
273.9138	25.1968
272.4773	25.132
271.7579	25.1314
270.3235	25.0035
269.6065	24.9395
268.8871	24.9388
267.4506	24.8742
266.7311	24.8735
265.2946	24.8088
264.5752	24.8081
263.858	24.7442
262.4216	24.6795
261.7045	24.6155
260.9874	24.5516
259.5486	24.5502
258.8314	24.4862
257.3926	24.4849
256.6732	24.4842
255.9561	24.4202
254.5196	24.3556
253.8025	24.2916
252.3659	24.2269
251.6465	24.2262
250.9294	24.1623
249.4906	24.1609
248.7734	24.0969
247.3347	24.0956
246.6176	24.0316
245.8982	24.0309
244.4616	23.9663
243.7422	23.9656
242.3103	23.7743
241.5932	23.7104
240.8782	23.5831
239.4418	23.5185
238.7247	23.4545
237.2904	23.3265
236.5733	23.2626
235.8561	23.1985
234.4219	23.0707
233.7048	23.0067
232.9877	22.9426
231.5534	22.8148
230.8363	22.7508
229.4021	22.6229
228.6848	22.5589
227.9678	22.4949
226.5335	22.367
225.8164	22.303
224.3822	22.175
223.6651	22.1111
222.9479	22.0471
221.5137	21.9192
220.7966	21.8552
219.3623	21.7271
218.6452	21.6633
217.9258	21.6625
216.4893	21.5979
215.7722	21.534
214.3356	21.4693
213.6162	21.4686
212.8968	21.4679
211.4603	21.4033
210.7409	21.4026
209.3044	21.3378
208.5873	21.274
207.8679	21.2732
206.4313	21.2086
205.7119	21.208
204.9925	21.2073
203.556	21.1426
202.8389	21.0786
201.4024	21.014
200.6853	20.95
199.9659	20.9493
198.5293	20.8847
197.8098	20.884
196.3734	20.8193
195.654	20.8187
194.9369	20.7547
193.4981	20.7532
192.781	20.6893
191.3399	20.7513
190.6181	20.8138
189.8988	20.8132
188.4577	20.8751
187.7361	20.9377
186.2927	21.0629
185.5733	21.0623
184.8516	21.1249
183.4104	21.1868
182.6888	21.2494
181.9672	21.312
180.5261	21.3739
179.8044	21.4365
178.3611	21.5617
177.6417	21.5611
176.92	21.6237
175.4767	21.7489
174.7572	21.7482
173.3162	21.8101
172.5922	21.936
171.8728	21.9353
170.4318	21.9971
169.7101	22.0599
168.9884	22.1225
167.5495	22.1211
166.8279	22.1837
165.38	22.4355
164.6583	22.4981
163.9344	22.624
162.4933	22.6859
161.7715	22.7485
160.3283	22.8737
159.6066	22.9363
158.8849	22.9989
157.4416	23.1242
156.7199	23.1868
155.9982	23.2494
154.5526	23.4379
153.8332	23.4372
152.3876	23.6257
151.6659	23.6883
150.9442	23.7509
149.5009	23.8761
148.7792	23.9386
147.3336	24.1272
146.6141	24.1265
145.8925	24.1891
144.4491	24.3144
143.7252	24.4402
142.2818	24.5655
141.5601	24.628
140.8203	25.197
139.3746	25.3855
138.6507	25.5114
137.9266	25.6373
136.4811	25.8258
135.7549	26.015
134.3092	26.2035
133.5853	26.3294
132.8636	26.392
131.4157	26.6437
130.694	26.7064
129.9701	26.8323
128.5267	26.9575
127.8028	27.0834
126.3594	27.2086
125.6355	27.3345
124.9138	27.3971
123.4681	27.5856
122.7465	27.6482
121.3008	27.8367
120.5769	27.9626
119.8575	27.9619
118.4096	28.2137
117.6879	28.2763
116.9662	28.3389
115.5206	28.5274
114.7966	28.6533
113.3533	28.7785
112.6293	28.9043
111.9054	29.0303
110.462	29.1555
109.7381	29.2814
108.2924	29.4699
107.5685	29.5958
106.8468	29.6583
105.3966	29.9735
104.675	30.0361
103.9533	30.0987
102.5099	30.2239
101.7905	30.2232
100.3472	30.3484
99.6255	30.411
98.9038	30.4736
98.1821	30.5362
97.4605	30.5989
96.741	30.5981
96.0171	30.7241
95.2977	30.7234
94.576	30.786
93.8544	30.8486
93.1327	30.9112
92.411	30.9738
91.6893	31.0364
90.9677	31.099
90.2483	31.0983
89.5266	31.1609
88.8072	31.1602
88.0901	31.0963
87.3707	31.0956
86.6535	31.0316
85.9364	30.9677
85.217	30.967
84.4999	30.903
83.7805	30.9022
83.0634	30.8384
82.3439	30.8377
81.6268	30.7737
80.9097	30.7097
80.1903	30.709
79.4732	30.6451
78.7538	30.6444
78.0344	30.6437
77.315	30.643
76.5956	30.6423
75.8784	30.5784
75.1591	30.5777
74.442	30.5137
73.7248	30.4497
73.0077	30.3858
72.2883	30.3851
71.5712	30.3211
70.854	30.257
70.1369	30.1932
69.4175	30.1925
68.7004	30.1285
67.9832	30.0645
67.2662	30.0006
66.5468	29.9999
65.8296	29.9359
65.1125	29.8719
64.3954	29.808
63.676	29.8073
62.9612	29.68
62.2418	29.6793
61.5246	29.6154
60.8052	29.6147
60.0904	29.4874
59.371	29.4867
58.6539	29.4228
57.9367	29.3588
57.2196	29.2948
56.5002	29.2941
55.7831	29.2302
55.066	29.1662
54.3488	29.1022
53.6294	29.1015
52.9123	29.0376
52.1929	29.0369
51.4758	28.9729
50.7587	28.9089
50.0415	28.845
49.3221	28.8443
48.6073	28.717
47.8879	28.7163
47.1708	28.6524
46.4559	28.5251
45.7365	28.5244
45.0194	28.4605
44.3023	28.3965
43.5852	28.3325
42.8679	28.2685
42.1509	28.2046
41.4338	28.1406
40.7167	28.0766
39.9995	28.0127
39.2824	27.9487
38.5676	27.8214
37.8527	27.6942
37.1356	27.6301
36.4184	27.5662
35.7014	27.5022
34.9842	27.4383
34.2717	27.2477
33.5523	27.2469
32.8397	27.0565
32.1226	26.9925
31.4054	26.9285
30.6883	26.8646
29.9712	26.8006
29.2541	26.7366
28.5392	26.6094
27.8221	26.5453
27.105	26.4814
26.3879	26.4175
25.6707	26.3535
24.9536	26.2894
24.2388	26.1623
23.5215	26.0983
22.8045	26.0343
22.0874	25.9703
21.3703	25.9064
20.6532	25.8424
19.9383	25.7151
19.2212	25.6512
18.5063	25.5239
17.7892	25.4599
17.0744	25.3327
16.3572	25.2687
15.6423	25.1414
14.9253	25.0775
14.2104	24.9502
13.4933	24.8862
12.7762	24.8223
12.0591	24.7583
11.3442	24.631
10.6271	24.5671
9.91	24.503
9.1928	24.4391
8.4757	24.3751
7.7609	24.2479
7.0437	24.1839
6.3266	24.1199
5.6118	23.9927
4.8947	23.9287
4.1775	23.8647
3.4627	23.7375
2.7433	23.7368
2.0284	23.6095
1.3113	23.5455
0.5941	23.4816
-0.1207	23.3543
-0.8378	23.2903
-1.5481	23.0365
-2.2652	22.9725
