Ma	percentO2
562.0671	14.9965
561.3742	14.9969
560.6814	14.9975
559.9885	14.998
558.6007	15.0596
557.9078	15.0601
556.5221	15.061
555.8293	15.0615
554.4436	15.0625
553.7507	15.063
552.3671	15.0034
551.6742	15.0039
550.9814	15.0044
549.5977	14.9447
548.9049	14.9452
547.5192	14.9462
546.8263	14.9466
545.4426	14.8871
544.7499	14.8876
543.3662	14.8279
542.6734	14.8284
541.9805	14.8289
540.5948	14.8298
539.904	14.7698
538.5183	14.7707
537.8255	14.7711
536.4419	14.7116
535.749	14.7121
534.3633	14.713
533.6703	14.7136
532.9797	14.6534
531.5939	14.6543
530.9011	14.6549
529.5175	14.5953
528.8246	14.5958
527.4389	14.5968
526.7461	14.5973
525.3624	14.5375
524.6696	14.5381
523.9767	14.5386
522.5931	14.479
521.9002	14.4795
520.5145	14.4804
519.8216	14.4809
518.4381	14.4213
517.7452	14.4218
516.3616	14.3622
515.6686	14.3627
514.9759	14.3631
513.5901	14.3641
512.8973	14.3646
511.5137	14.305
510.8208	14.3054
509.4372	14.2459
508.7444	14.2463
507.3586	14.2473
506.6679	14.1872
505.975	14.1877
504.5893	14.1887
503.8963	14.1892
502.5128	14.1295
501.8199	14.13
500.4343	14.131
499.7414	14.1315
498.3578	14.0719
497.6649	14.0724
496.9721	14.0728
495.5864	14.0738
494.8956	14.0137
493.5099	14.0147
492.817	14.0152
491.4334	13.9556
490.7406	13.956
489.3548	13.9569
488.662	13.9575
487.9712	13.8974
486.5855	13.8984
485.8925	13.8989
484.509	13.8392
483.8162	13.8397
482.4304	13.8407
481.7376	13.8412
480.354	13.7816
479.6611	13.7821
478.9683	13.7825
477.5847	13.7229
476.8918	13.7234
475.5061	13.7244
474.8132	13.7248
473.4296	13.6653
472.7368	13.6657
471.3468	13.7879
470.6519	13.849
469.9548	13.9707
468.5649	14.0929
467.87	14.154
466.4779	14.3368
465.7851	14.3373
464.3931	14.5201
463.6981	14.5812
462.3103	14.6428
461.6153	14.7039
460.9224	14.7044
459.5347	14.766
458.8397	14.8271
457.4477	15.0099
456.7527	15.071
455.3628	15.1932
454.6679	15.2543
453.9729	15.3154
452.583	15.4376
451.8859	15.5593
450.496	15.6815
449.8011	15.7426
448.4091	15.9254
447.7141	15.9865
446.3221	16.1693
445.6292	16.1698
444.9322	16.2915
443.5423	16.4137
442.8473	16.4748
441.4553	16.6576
440.7603	16.7187
439.3704	16.8408
438.6734	16.9626
437.9784	17.0237
436.5864	17.2065
435.8935	17.2069
434.5015	17.3897
433.8066	17.4508
432.4144	17.6336
431.7217	17.6341
430.3296	17.8169
429.6347	17.878
428.9398	17.9391
427.5497	18.0613
426.8528	18.183
425.4628	18.3052
424.7679	18.3663
423.3759	18.5491
422.683	18.5495
421.986	18.6713
420.596	18.7934
419.9011	18.8546
418.5112	18.9768
417.8141	19.0985
416.4242	19.2207
415.7356	19.1
414.3624	18.7372
413.6738	18.6166
412.9872	18.4353
411.6141	18.0726
410.9276	17.8913
409.5523	17.5892
408.8637	17.4685
407.4822	17.3482
406.8018	16.9851
405.4351	16.4405
404.7464	16.3199
403.3754	15.8965
402.6867	15.7759
401.996	15.7158
401.3136	15.4132
400.6271	15.2319
399.9384	15.1112
398.5632	14.8091
397.8766	14.6278
396.5034	14.2651
395.8149	14.1444
394.4396	13.8423
393.753	13.661
392.3841	13.1771
391.6997	12.9352
390.3266	12.5725
389.6337	12.573
388.9409	12.5735
387.5552	12.5745
386.8622	12.5749
385.4766	12.5758
384.7837	12.5764
383.398	12.5774
382.7052	12.5779
381.3194	12.5789
380.6266	12.5794
379.9337	12.5798
378.548	12.5808
377.8552	12.5813
376.4694	12.5823
375.7766	12.5828
374.3909	12.5838
373.698	12.5843
372.3123	12.5852
371.6194	12.5857
370.9224	12.7074
369.5304	12.8902
368.8333	13.0119
367.4392	13.2553
366.7421	13.3771
365.3479	13.6205
364.651	13.7422
363.956	13.8033
362.5598	14.1073
361.8627	14.229
360.4707	14.4118
359.7737	14.5335
358.3796	14.7769
357.6825	14.8986
356.9854	15.0203
355.5934	15.2031
354.8963	15.3248
353.5002	15.6288
352.8052	15.6899
351.4111	15.9333
350.714	16.0551
349.322	16.2379
348.6271	16.299
347.93	16.4207
346.538	16.6035
345.843	16.6646
344.451	16.8474
343.754	16.9691
342.3577	17.2731
341.6627	17.3342
340.9657	17.4559
339.5737	17.6387
338.8767	17.7604
337.4846	17.9432
336.7896	18.0043
335.3956	18.2477
334.7006	18.3088
333.3065	18.5522
332.6115	18.6133
331.9144	18.7349
330.5183	19.039
329.8212	19.1607
328.4271	19.4041
327.7301	19.5258
326.338	19.7086
325.641	19.8304
324.9439	19.9521
323.5518	20.1349
322.8549	20.2566
321.4649	20.3788
320.7679	20.5005
319.3759	20.6833
318.6787	20.805
317.9818	20.9266
316.5897	21.1095
315.8927	21.2312
314.5028	21.3534
313.8014	21.5963
312.4116	21.7185
311.7124	21.9008
310.3204	22.0836
309.6234	22.2053
308.9263	22.327
307.5343	22.5098
306.8372	22.6315
305.4452	22.8143
304.7503	22.8754
303.3583	23.0582
302.6612	23.1799
301.9641	23.3016
300.5721	23.4844
299.8751	23.6061
298.483	23.789
297.786	23.9106
296.3919	24.1541
295.6968	24.2152
294.9999	24.3369
293.6058	24.5803
292.9108	24.6414
291.5167	24.8848
290.8195	25.0065
289.4444	24.7044
288.7579	24.5231
287.3826	24.221
286.6961	24.0397
285.3167	23.8589
284.6238	23.8594
283.9415	23.5568
282.5725	23.0729
281.8881	22.831
280.5171	22.4077
279.8326	22.1658
278.4637	21.6819
277.7792	21.44
276.4061	21.0773
275.7237	20.7747
274.3527	20.3515
273.6703	20.0489
272.9817	19.9282
271.6149	19.3837
270.9304	19.1418
269.5594	18.7185
268.8728	18.5372
267.5039	18.0533
266.8195	17.8113
265.4505	17.3275
264.7661	17.0855
263.3951	16.6622
262.7085	16.4809
261.3396	15.9969
260.6551	15.7551
259.9769	15.3313
258.5997	15.0899
257.9131	14.9085
256.5337	14.7277
255.8408	14.7282
254.4593	14.608
253.7665	14.6084
252.3828	14.5488
251.6921	14.4887
250.9992	14.4892
249.6219	14.2477
248.929	14.2482
247.5453	14.1886
246.8547	14.1285
245.4711	14.0689
244.7782	14.0693
243.3946	14.0097
242.7038	13.9496
241.3202	13.89
240.6274	13.8904
239.9344	13.891
238.553	13.7707
237.8601	13.7711
236.4765	13.7116
235.7835	13.7121
234.4	13.6524
233.7093	13.5923
232.3256	13.5327
231.6328	13.5332
230.942	13.4731
229.5584	13.4134
228.8656	13.4139
227.482	13.3543
226.7891	13.3548
225.4055	13.2952
224.7147	13.2351
223.3332	13.1148
222.6402	13.1153
221.9475	13.1158
220.5638	13.0562
219.871	13.0567
218.4895	12.9364
217.7966	12.9369
216.413	12.8773
215.7223	12.8172
214.3387	12.7574
213.6479	12.6974
212.955	12.6979
211.5714	12.6383
210.8807	12.5782
209.4969	12.5185
208.8063	12.4584
207.4227	12.3988
206.7298	12.3993
205.3483	12.279
204.6554	12.2795
203.9647	12.2194
202.5811	12.1598
201.8881	12.1602
200.5067	12.04
199.8138	12.0405
198.4302	11.9809
197.7395	11.9207
196.3558	11.8612
195.663	11.8617
194.9701	11.862
193.5823	11.9237
192.8895	11.9242
191.5037	11.9252
190.8088	11.9863
189.4231	11.9872
188.7302	11.9878
187.3424	12.0493
186.6495	12.0498
185.9567	12.0503
184.571	12.0513
183.876	12.1124
182.4903	12.1134
181.7974	12.1139
180.4096	12.1755
179.7168	12.176
178.3311	12.1769
177.636	12.238
176.9432	12.2385
175.5575	12.2395
174.8647	12.24
173.4769	12.3016
172.784	12.3021
171.3982	12.3031
170.7033	12.3641
169.3176	12.3651
168.6247	12.3656
167.9319	12.366
166.5441	12.4277
165.8512	12.4282
164.4655	12.4292
163.7705	12.4903
162.3848	12.4912
161.692	12.4917
160.9969	12.5528
159.6113	12.5537
158.9184	12.5543
157.5306	12.6159
156.8378	12.6164
155.4521	12.6174
154.7591	12.6178
153.3714	12.6794
152.6785	12.6799
151.9857	12.6804
150.5979	12.742
149.905	12.7425
148.5192	12.7435
147.8264	12.744
146.4386	12.8054
145.7457	12.806
144.3578	12.8676
143.6651	12.8681
142.9722	12.8686
141.5865	12.8696
140.8915	12.9306
139.5058	12.9317
138.813	12.9322
137.4252	12.9937
136.7323	12.9942
135.3466	12.9952
134.6537	12.9957
133.9588	13.0568
132.5731	13.0578
131.8801	13.0583
130.4924	13.1199
129.7995	13.1203
128.4117	13.1819
127.7168	13.2429
126.3268	13.3652
125.6319	13.4263
124.9369	13.4874
123.547	13.6096
122.8521	13.6707
121.4621	13.7929
120.7671	13.854
119.3773	13.9762
118.6823	14.0373
117.9874	14.0984
116.5974	14.2206
115.9024	14.2817
114.5126	14.4039
113.8176	14.465
112.4277	14.5872
111.7327	14.6482
110.3428	14.7705
109.6479	14.8316
108.955	14.8321
107.5672	14.8936
106.8721	14.9546
105.4844	15.0163
104.7873	15.138
103.3996	15.1996
102.7046	15.2607
101.3147	15.3829
100.6197	15.444
99.9247	15.5051
99.2319	15.5056
98.5349	15.6273
97.842	15.6278
97.147	15.6888
96.45	15.8106
95.757	15.8111
95.0601	15.9327
94.3672	15.9333
93.6723	15.9944
92.9773	16.0555
92.2823	16.1166
91.5895	16.1171
90.8965	16.1175
90.2017	16.1786
89.5067	16.2397
88.8117	16.3008
88.1189	16.3013
87.4239	16.3624
86.729	16.4235
86.034	16.4846
85.3391	16.5457
84.6441	16.6068
83.9491	16.6679
83.2563	16.6684
82.5613	16.7295
81.8664	16.7906
81.1735	16.7911
80.4786	16.8521
79.7856	16.8527
79.0907	16.9138
78.3979	16.9143
77.7029	16.9754
77.008	17.0365
76.3151	17.0369
75.6202	17.098
74.9273	17.0985
74.2323	17.1596
73.5373	17.2207
72.8445	17.2212
72.1496	17.2823
71.4567	17.2828
70.7618	17.3439
70.0689	17.3444
69.3739	17.4055
68.679	17.4666
67.984	17.5276
67.2912	17.5282
66.5962	17.5893
65.9034	17.5897
65.2084	17.6509
64.5133	17.712
63.8206	17.7125
63.1256	17.7734
62.4328	17.774
61.7378	17.8351
61.045	17.8356
60.3521	17.8361
59.6592	17.8366
58.9664	17.8371
58.2735	17.8376
57.5807	17.838
56.8899	17.778
56.1971	17.7784
55.5042	17.7789
54.8134	17.7187
54.1206	17.7193
53.4277	17.7198
52.737	17.6597
52.0441	17.6602
51.3512	17.6606
50.6604	17.6005
49.9676	17.601
49.2748	17.6015
48.584	17.5413
47.8912	17.5419
47.1983	17.5424
46.5074	17.4823
45.8147	17.4828
45.1218	17.4832
44.4311	17.4231
43.7382	17.4236
43.0433	17.4847
42.3504	17.4852
41.6533	17.6069
40.9605	17.6074
40.2655	17.6684
39.5706	17.7296
38.8756	17.7907
38.1807	17.8518
37.4857	17.9129
36.7928	17.9134
36.0979	17.9745
35.4029	18.0356
34.708	18.0967
34.013	18.1578
33.3181	18.2189
32.6231	18.28
31.9302	18.2805
31.2332	18.4022
30.5403	18.4026
29.8454	18.4637
29.1504	18.5248
28.4555	18.5859
27.7626	18.5864
27.0676	18.6475
26.3727	18.7086
25.6777	18.7697
24.9828	18.8308
24.2878	18.8919
23.5929	18.9529
22.8979	19.0141
22.2029	19.0752
21.508	19.1363
20.813	19.1974
20.1181	19.2585
19.4231	19.3195
18.7282	19.3807
18.0332	19.4418
17.3382	19.5029
16.6433	19.564
15.9483	19.6251
15.2534	19.6862
14.5584	19.7473
13.8635	19.8084
13.1685	19.8695
12.4735	19.9306
11.7786	19.9917
11.0836	20.0528
10.3887	20.1139
9.6937	20.175
8.9988	20.2361
8.3038	20.2972
7.6088	20.3583
6.9139	20.4194
6.2189	20.4805
5.524	20.5415
4.829	20.6026
4.1341	20.6637
3.4391	20.7248
2.7441	20.7859
2.0492	20.847
1.3542	20.9081
0.6593	20.9691
