#ENSO Index: 1993-Present
#Data source: Satellite sea level observations.
#Credit: NASA MEaSUREs/PO.DAAC
#https://sealevel.jpl.nasa.gov/overlay-elnino/
id	year	ENSO
105056	1992.7595628	0.341844
105059	1992.7786885	0.244913
105062	1992.7978142	0.28205
105065	1992.8169399	0.383577
105068	1992.8360656	0.632008
105071	1992.8551913	0.570035
105074	1992.8743169	0.673833
105077	1992.8934426	0.931142
105080	1992.9125683	0.995095
105083	1992.931694	0.852501
105086	1992.9508197	0.821132
105089	1992.9699454	0.813187
105092	1992.989071	1.036085
105095	1993.0082192	1.170403
105098	1993.0273973	1.165575
105101	1993.0465753	1.15705
105104	1993.0657534	1.043112
105107	1993.0849315	1.135667
105110	1993.1041096	1.169045
105113	1993.1232877	1.224891
105116	1993.1424658	1.175993
105119	1993.1616438	1.284712
105122	1993.1808219	1.355392
105125	1993.2	1.274093
105128	1993.2191781	1.31527
105131	1993.2383562	1.325286
105134	1993.2575342	1.381949
105137	1993.2767123	1.33117
105140	1993.2958904	1.348496
105143	1993.3150685	1.347664
105146	1993.3342466	1.229346
105149	1993.3534247	1.241485
105152	1993.3726027	1.277291
105155	1993.3917808	1.298375
105158	1993.4109589	1.149492
105161	1993.430137	0.815755
105164	1993.4493151	0.833557
105167	1993.4684932	0.969847
105170	1993.4876712	0.97041
105173	1993.5068493	0.786212
105176	1993.5260274	0.872535
105179	1993.5452055	0.853277
105182	1993.5643836	0.842382
105185	1993.5835616	0.768266
105188	1993.6027397	0.825835
105191	1993.6219178	0.895283
105194	1993.6410959	0.948082
105197	1993.660274	0.936366
105200	1993.6794521	0.903824
105203	1993.6986301	0.81807
105206	1993.7178082	0.767796
105209	1993.7369863	0.767941
105212	1993.7561644	0.715969
105215	1993.7753425	0.762119
105218	1993.7945205	0.794782
105221	1993.8136986	0.890414
105224	1993.8328767	0.816546
105227	1993.8520548	0.832365
105230	1993.8712329	0.833681
105233	1993.890411	0.829205
105236	1993.909589	0.787376
105239	1993.9287671	0.771824
105242	1993.9479452	0.79167
105245	1993.9671233	0.806299
105248	1993.9863014	0.708136
105251	1994.0054795	0.769831
105254	1994.0246575	0.787589
105257	1994.0438356	0.631029
105260	1994.0630137	0.508037
105263	1994.0821918	0.388747
105266	1994.1013699	0.297372
105269	1994.1205479	0.14363
105272	1994.139726	0.082772
105275	1994.1589041	-0.059839
105278	1994.1780822	0.148629
105281	1994.1972603	0.094893
105284	1994.2164384	0.038535
105287	1994.2356164	0.073193
105290	1994.2547945	0.187781
105293	1994.2739726	0.214157
105296	1994.2931507	0.248799
105299	1994.3123288	0.353881
105302	1994.3315068	0.212873
105305	1994.3506849	0.288035
105308	1994.369863	0.455866
105311	1994.3890411	0.466113
105314	1994.4082192	0.538985
105317	1994.4273973	0.395028
105320	1994.4465753	0.37043
105323	1994.4657534	0.474627
105326	1994.4849315	0.507951
105329	1994.5041096	0.31875
105332	1994.5232877	0.440984
105335	1994.5424658	0.624649
105338	1994.5616438	0.722546
105341	1994.5808219	0.659545
105344	1994.6	0.669973
105347	1994.6191781	0.808014
105350	1994.6383562	0.928801
105353	1994.6575342	0.962207
105356	1994.6767123	0.934107
105359	1994.6958904	0.955376
105362	1994.7150685	1.130527
105365	1994.7342466	1.106956
105368	1994.7534247	1.070896
105371	1994.7726027	1.10869
105374	1994.7917808	1.153824
105377	1994.8109589	1.171898
105380	1994.830137	1.126683
105383	1994.8493151	1.090486
105386	1994.8684932	1.294946
105389	1994.8876712	1.433565
105392	1994.9068493	1.408604
105395	1994.9260274	1.330032
105398	1994.9452055	1.297165
105401	1994.9643836	1.462692
105404	1994.9835616	1.643292
105407	1995.0027397	1.730237
105410	1995.0219178	1.657206
105413	1995.0410959	1.58833
105416	1995.060274	1.509175
105419	1995.0794521	1.383739
105422	1995.0986301	1.358658
105425	1995.1178082	1.286334
105428	1995.1369863	1.160591
105431	1995.1561644	0.903794
105434	1995.1753425	0.891461
105437	1995.1945205	0.870745
105440	1995.2136986	0.8075
105443	1995.2328767	0.657033
105446	1995.2520548	0.585084
105449	1995.2712329	0.566588
105452	1995.290411	0.51825
105455	1995.309589	0.522642
105458	1995.3287671	0.51296
105461	1995.3479452	0.478033
105464	1995.3671233	0.442929
105467	1995.3863014	0.556555
105470	1995.4054795	0.608339
105473	1995.4246575	0.348476
105476	1995.4438356	0.476346
105479	1995.4630137	0.391652
105482	1995.4821918	0.3611
105485	1995.5013699	0.139163
105488	1995.5205479	0.059915
105491	1995.539726	0.065425
105494	1995.5589041	0.133016
105497	1995.5780822	0.070819
105500	1995.5972603	-0.130466
105503	1995.6164384	-0.140176
105506	1995.6356164	-0.205991
105509	1995.6547945	-0.34875
105512	1995.6739726	-0.353684
105515	1995.6931507	-0.317503
105518	1995.7123288	-0.36968
105521	1995.7315068	-0.362641
105524	1995.7506849	-0.345881
105527	1995.769863	-0.330279
105530	1995.7890411	-0.40475
105533	1995.8082192	-0.457746
105536	1995.8273973	-0.444565
105539	1995.8465753	-0.423034
105542	1995.8657534	-0.521668
105545	1995.8849315	-0.5488
105548	1995.9041096	-0.518657
105551	1995.9232877	-0.627669
105554	1995.9424658	-0.602924
105557	1995.9616438	-0.42853
105560	1995.9808219	-0.36368
105563	1996.0	-0.213024
105566	1996.0191257	-0.239382
105569	1996.0382514	0.054532
105572	1996.057377	-0.293197
105575	1996.0765027	-0.327292
105578	1996.0956284	-0.250354
105581	1996.1147541	-0.265211
105584	1996.1338798	-0.316209
105587	1996.1530055	-0.364653
105590	1996.1721311	-0.177747
105593	1996.1912568	-0.250652
105596	1996.2103825	-0.315117
105599	1996.2295082	-0.372078
105602	1996.2486339	-0.26623
105605	1996.2677596	-0.275517
105608	1996.2868852	-0.296373
105611	1996.3060109	-0.252295
105614	1996.3251366	-0.27367
105617	1996.3442623	-0.348112
105620	1996.363388	-0.263697
105623	1996.3825137	-0.190189
105626	1996.4016393	0.008904
105629	1996.420765	-0.107693
105632	1996.4398907	-0.142008
105635	1996.4590164	-0.186714
105638	1996.4781421	-0.089919
105641	1996.4972678	-0.257482
105644	1996.5163934	-0.359935
105647	1996.5355191	-0.327448
105650	1996.5546448	-0.206867
105653	1996.5737705	-0.267632
105656	1996.5928962	-0.314909
105659	1996.6120219	-0.267117
105662	1996.6311475	-0.307074
105665	1996.6502732	-0.361049
105668	1996.6693989	-0.453961
105671	1996.6885246	-0.499703
105674	1996.7076503	-0.526644
105677	1996.726776	-0.504227
105680	1996.7459016	-0.400556
105683	1996.7650273	-0.384497
105686	1996.784153	-0.456711
105689	1996.8032787	-0.515946
105692	1996.8224044	-0.587885
105695	1996.8415301	-0.560322
105698	1996.8606557	-0.490825
105701	1996.8797814	-0.576999
105704	1996.8989071	-0.584144
105707	1996.9180328	-0.26095
105710	1996.9371585	-0.542332
105713	1996.9562842	-0.496463
105716	1996.9754098	-0.310799
105719	1996.9945355	-0.182237
105722	1997.0136986	0.004725
105725	1997.0328767	0.18829
105728	1997.0520548	0.304263
105731	1997.0712329	0.341348
105734	1997.090411	0.35462
105737	1997.109589	0.237893
105740	1997.1287671	0.06945
105743	1997.1479452	0.079384
105746	1997.1671233	0.321712
105749	1997.1863014	0.445898
105752	1997.2054795	0.630748
105755	1997.2246575	0.801343
105758	1997.2438356	0.884145
105761	1997.2630137	1.157284
105764	1997.2821918	1.267563
105767	1997.3013699	1.192513
105770	1997.3205479	1.293748
105773	1997.339726	1.414808
105776	1997.3589041	1.418202
105779	1997.3780822	1.540634
105782	1997.3972603	1.642297
105785	1997.4164384	1.576692
105788	1997.4356164	1.631512
105791	1997.4547945	1.76927
105794	1997.4739726	1.897488
105797	1997.4931507	1.974932
105800	1997.5123288	1.787035
105803	1997.5315068	1.952231
105806	1997.5506849	2.04962
105809	1997.569863	2.165555
105812	1997.5890411	2.197463
105815	1997.6082192	2.362485
105818	1997.6273973	2.476367
105821	1997.6465753	2.609452
105824	1997.6657534	2.615747
105827	1997.6849315	2.776596
105830	1997.7041096	2.933509
105833	1997.7232877	2.949771
105836	1997.7424658	3.08408
105839	1997.7616438	3.098131
105842	1997.7808219	3.13258
105845	1997.8	3.195714
105848	1997.8191781	3.233847
105851	1997.8383562	3.423021
105854	1997.8575342	3.457685
105857	1997.8767123	3.474588
105860	1997.8958904	3.31485
105863	1997.9150685	3.298701
105866	1997.9342466	3.285287
105869	1997.9534247	3.223471
105872	1997.9726027	3.099914
105875	1997.9917808	2.94742
105878	1998.0109589	2.953808
105881	1998.030137	2.817454
105884	1998.0493151	2.647666
105887	1998.0684932	2.623996
105890	1998.0876712	2.719267
105893	1998.1068493	2.493121
105896	1998.1260274	2.229747
105899	1998.1452055	1.935784
105902	1998.1643836	1.9679
105905	1998.1835616	1.792857
105908	1998.2027397	1.698727
105911	1998.2219178	1.651697
105914	1998.2410959	1.501106
105917	1998.260274	1.386038
105920	1998.2794521	1.193467
105923	1998.2986301	1.106339
105926	1998.3178082	1.112446
105929	1998.3369863	0.944378
105932	1998.3561644	0.786179
105935	1998.3753425	0.551423
105938	1998.3945205	0.536006
105941	1998.4136986	0.238689
105944	1998.4328767	0.109291
105947	1998.4520548	0.024169
105950	1998.4712329	-0.011586
105953	1998.490411	-0.085064
105956	1998.509589	-0.280594
105959	1998.5287671	-0.288055
105962	1998.5479452	-0.381719
105965	1998.5671233	-0.391814
105968	1998.5863014	-0.483205
105971	1998.6054795	-0.524292
105974	1998.6246575	-0.602298
105977	1998.6438356	-0.709002
105980	1998.6630137	-0.680459
105983	1998.6821918	-0.623237
105986	1998.7013699	-0.712841
105989	1998.7205479	-0.794382
105992	1998.739726	-0.83295
105995	1998.7589041	-0.907318
105998	1998.7780822	-1.033625
106001	1998.7972603	-0.925601
106004	1998.8164384	-1.019418
106007	1998.8356164	-0.93206
106010	1998.8547945	-1.023055
106013	1998.8739726	-1.077137
106016	1998.8931507	-0.975388
106019	1998.9123288	-1.007336
106022	1998.9315068	-1.000117
106025	1998.9506849	-1.036811
106028	1998.969863	-0.952688
106031	1998.9890411	-1.022112
106034	1999.0082192	-0.932386
106037	1999.0273973	-0.992923
106040	1999.0465753	-1.121885
106043	1999.0657534	-1.208162
106046	1999.0849315	-1.188601
106049	1999.1041096	-1.33382
106052	1999.1232877	-1.170778
106055	1999.1424658	-1.100123
106058	1999.1616438	-1.000548
106061	1999.1808219	-1.009829
106064	1999.2	-1.07234
106067	1999.2191781	-1.095274
106070	1999.2383562	-1.037615
106073	1999.2575342	-1.039452
106076	1999.2767123	-1.185098
106079	1999.2958904	-1.177961
106082	1999.3150685	-1.114989
106085	1999.3342466	-1.096611
106088	1999.3534247	-0.962105
106091	1999.3726027	-0.849222
106094	1999.3917808	-0.796285
106097	1999.4109589	-0.721669
106100	1999.430137	-0.944524
106103	1999.4493151	-0.920906
106106	1999.4684932	-0.732498
106109	1999.4876712	-0.636676
106112	1999.5068493	-0.755069
106115	1999.5260274	-0.78981
106118	1999.5452055	-0.792175
106121	1999.5643836	-0.787545
106124	1999.5835616	-0.932894
106127	1999.6027397	-0.879468
106130	1999.6219178	-0.806773
106133	1999.6410959	-0.761149
106136	1999.660274	-0.812306
106139	1999.6794521	-0.825753
106142	1999.6986301	-0.85198
106145	1999.7178082	-0.794545
106148	1999.7369863	-0.948325
106151	1999.7561644	-0.920862
106154	1999.7753425	-0.880409
106157	1999.7945205	-0.88146
106160	1999.8136986	-1.075928
106163	1999.8328767	-0.999783
106166	1999.8520548	-1.05395
106169	1999.8712329	-0.994301
106172	1999.890411	-1.079155
106175	1999.909589	-1.206526
106178	1999.9287671	-1.200722
106181	1999.9479452	-1.147554
106184	1999.9671233	-1.268213
106187	1999.9863014	-1.249014
106190	2000.0054645	-1.170791
106193	2000.0245902	-1.312701
106196	2000.0437158	-1.334729
106199	2000.0628415	-1.31074
106202	2000.0819672	-1.21609
106205	2000.1010929	-1.078464
106208	2000.1202186	-1.131529
106211	2000.1393443	-1.212396
106214	2000.1584699	-1.324562
106217	2000.1775956	-1.17719
106220	2000.1967213	-1.17522
106223	2000.215847	-1.253293
106226	2000.2349727	-1.266237
106229	2000.2540984	-1.036654
106232	2000.273224	-1.015243
106235	2000.2923497	-1.162411
106238	2000.3114754	-1.232281
106241	2000.3306011	-1.202537
106244	2000.3497268	-1.048604
106247	2000.3688525	-1.009905
106250	2000.3879781	-0.956991
106253	2000.4071038	-0.863734
106256	2000.4262295	-0.883421
106259	2000.4453552	-0.9246
106262	2000.4644809	-0.811524
106265	2000.4836066	-0.762745
106268	2000.5027322	-0.977637
106271	2000.5218579	-0.956578
106274	2000.5409836	-0.781825
106277	2000.5601093	-0.619825
106280	2000.579235	-0.590324
106283	2000.5983607	-0.692059
106286	2000.6174863	-0.525079
106289	2000.636612	-0.563929
106292	2000.6557377	-0.595046
106295	2000.6748634	-0.538008
106298	2000.6939891	-0.493243
106301	2000.7131148	-0.490871
106304	2000.7322404	-0.567567
106307	2000.7513661	-0.554388
106310	2000.7704918	-0.594351
106313	2000.7896175	-0.554459
106316	2000.8087432	-0.529713
106319	2000.8278689	-0.454612
106322	2000.8469945	-0.452782
106325	2000.8661202	-0.563269
106328	2000.8852459	-0.608177
106331	2000.9043716	-0.635809
106334	2000.9234973	-0.656589
106337	2000.942623	-0.807937
106340	2000.9617486	-0.755981
106343	2000.9808743	-0.709383
106346	2001.0	-0.622671
106349	2001.0191781	-0.723063
106352	2001.0383562	-0.788593
106355	2001.0575342	-0.81832
106358	2001.0767123	-0.991492
106361	2001.0958904	-1.054919
106364	2001.1150685	-1.136493
106367	2001.1342466	-1.050212
106370	2001.1534247	-0.981484
106373	2001.1726027	-0.805603
106376	2001.1917808	-0.762331
106379	2001.2109589	-0.723441
106382	2001.230137	-0.657197
106385	2001.2493151	-0.626269
106388	2001.2684932	-0.749431
106391	2001.2876712	-0.744111
106394	2001.3068493	-0.683399
106397	2001.3260274	-0.684166
106400	2001.3452055	-0.792251
106403	2001.3643836	-0.668365
106406	2001.3835616	-0.571265
106409	2001.4027397	-0.447726
106412	2001.4219178	-0.499586
106415	2001.4410959	-0.429687
106418	2001.460274	-0.454494
106421	2001.4794521	-0.325606
106424	2001.4986301	-0.425431
106427	2001.5178082	-0.290424
106430	2001.5369863	-0.158548
106433	2001.5561644	-0.093289
106436	2001.5753425	-0.062208
106439	2001.5945205	-0.117678
106442	2001.6136986	-0.184409
106445	2001.6328767	-0.155576
106448	2001.6520548	-0.047832
106451	2001.6712329	-0.069761
106454	2001.690411	-0.059143
106457	2001.709589	-0.09342
106460	2001.7287671	-0.161283
106463	2001.7479452	-0.025267
106466	2001.7671233	-0.040849
106469	2001.7863014	-0.141877
106472	2001.8054795	-0.239266
106475	2001.8246575	-0.040851
106478	2001.8438356	0.084899
106481	2001.8630137	-0.131703
106484	2001.8821918	-0.156386
106487	2001.9013699	-0.06093
106490	2001.9205479	-0.093789
106493	2001.939726	0.049159
106496	2001.9589041	0.182419
106499	2001.9780822	0.333703
106502	2001.9972603	0.45896
106505	2002.0164384	0.633963
106508	2002.0356164	0.601146
106511	2002.0547945	0.555006
106514	2002.0739726	0.353502
106517	2002.0931507	0.477685
106520	2002.1123288	0.402207
106523	2002.1315068	0.367927
106526	2002.1506849	0.296147
106529	2002.169863	0.564302
106532	2002.1890411	0.345554
106535	2002.2082192	0.389518
106538	2002.2273973	0.348566
106541	2002.2465753	0.494633
106544	2002.2657534	0.373033
106547	2002.2849315	0.362421
106550	2002.3041096	0.274699
106553	2002.3232877	0.155228
106556	2002.3424658	-0.013994
106559	2002.3616438	0.04913
106562	2002.3808219	0.17149
106565	2002.4	0.27778
106568	2002.4191781	0.251511
106571	2002.4383562	0.292806
106574	2002.4575342	0.158536
106577	2002.4767123	0.149339
106580	2002.4958904	0.139682
106583	2002.5150685	0.296179
106586	2002.5342466	0.51571
106589	2002.5534247	0.671655
106592	2002.5726027	0.812848
106595	2002.5917808	0.666288
106598	2002.6109589	0.800025
106601	2002.630137	0.889383
106604	2002.6493151	0.963104
106607	2002.6684932	1.130933
106610	2002.6876712	1.21507
106613	2002.7068493	1.377046
106616	2002.7260274	1.460533
106619	2002.7452055	1.455568
106622	2002.7643836	1.57627
106625	2002.7835616	1.732026
106628	2002.8027397	1.950776
106631	2002.8219178	1.97141
106634	2002.8410959	1.943307
106637	2002.860274	1.907909
106640	2002.8794521	1.812241
106643	2002.8986301	1.773764
106646	2002.9178082	1.799009
106649	2002.9369863	1.830941
106652	2002.9561644	1.812563
106655	2002.9753425	1.763128
106658	2002.9945205	1.548602
106661	2003.0136986	1.454913
106664	2003.0328767	1.302507
106667	2003.0520548	1.268867
106670	2003.0712329	1.24438
106673	2003.090411	1.221134
106676	2003.109589	1.106292
106679	2003.1287671	1.083272
106682	2003.1479452	0.932094
106685	2003.1671233	1.022264
106688	2003.1863014	0.905498
106691	2003.2054795	0.745483
106694	2003.2246575	0.589688
106697	2003.2438356	0.442547
106700	2003.2630137	0.496282
106703	2003.2821918	0.474724
106706	2003.3013699	0.460723
106709	2003.3205479	0.365319
106712	2003.339726	0.280717
106715	2003.3589041	0.20569
106718	2003.3780822	0.091048
106721	2003.3972603	0.21805
106724	2003.4164384	0.11804
106727	2003.4356164	0.326175
106730	2003.4547945	0.437444
106733	2003.4739726	0.44474
106736	2003.4931507	0.524518
106739	2003.5123288	0.406396
106742	2003.5315068	0.436765
106745	2003.5506849	0.465134
106748	2003.569863	0.587068
106751	2003.5890411	0.505437
106754	2003.6082192	0.480736
106757	2003.6273973	0.485221
106760	2003.6465753	0.440551
106763	2003.6657534	0.428725
106766	2003.6849315	0.327284
106769	2003.7041096	0.302512
106772	2003.7232877	0.293874
106775	2003.7424658	0.306914
106778	2003.7616438	0.347213
106781	2003.7808219	0.350134
106784	2003.8	0.368225
106787	2003.8191781	0.522972
106790	2003.8383562	0.579087
106793	2003.8575342	0.528878
106796	2003.8767123	0.561262
106799	2003.8958904	0.700699
106802	2003.9150685	0.62349
106805	2003.9342466	0.476112
106808	2003.9534247	0.392902
106811	2003.9726027	0.365139
106814	2003.9917808	0.357683
106817	2004.010929	0.591222
106820	2004.0300546	0.767201
106823	2004.0491803	0.871094
106826	2004.068306	0.727653
106829	2004.0874317	0.641842
106832	2004.1065574	0.484969
106835	2004.1256831	0.472967
106838	2004.1448087	0.428303
106841	2004.1639344	0.53674
106844	2004.1830601	0.320202
106847	2004.2021858	0.290287
106850	2004.2213115	0.211517
106853	2004.2404372	0.151928
106856	2004.2595628	0.314916
106859	2004.2786885	0.495851
106862	2004.2978142	0.52708
106865	2004.3169399	0.548936
106868	2004.3360656	0.458884
106871	2004.3551913	0.382366
106874	2004.3743169	0.442951
106877	2004.3934426	0.439348
106880	2004.4125683	0.406465
106883	2004.431694	0.250844
106886	2004.4508197	0.260491
106889	2004.4699454	0.470257
106892	2004.489071	0.599827
106895	2004.5081967	0.460236
106898	2004.5273224	0.688531
106901	2004.5464481	0.84175
106904	2004.5655738	0.803565
106907	2004.5846995	0.608923
106910	2004.6038251	0.610208
106913	2004.6229508	0.619247
106916	2004.6420765	0.739933
106919	2004.6612022	0.844686
106922	2004.6803279	0.832971
106925	2004.6994536	0.810183
106928	2004.7185792	0.888798
106931	2004.7377049	0.710394
106934	2004.7568306	0.612359
106937	2004.7759563	0.613395
106940	2004.795082	0.671178
106943	2004.8142077	0.724017
106946	2004.8333333	0.857796
106949	2004.852459	0.829231
106952	2004.8715847	0.766232
106955	2004.8907104	0.769591
106958	2004.9098361	0.731366
106961	2004.9289617	0.766798
106964	2004.9480874	0.849294
106967	2004.9672131	0.908528
106970	2004.9863388	0.880649
106973	2005.0054795	0.907822
106976	2005.0246575	0.861421
106979	2005.0438356	0.781327
106982	2005.0630137	0.762527
106985	2005.0821918	0.664496
106988	2005.1013699	0.81871
106991	2005.1205479	0.986399
106994	2005.139726	1.004356
106997	2005.1589041	0.95419
107000	2005.1780822	1.103481
107003	2005.1972603	1.120733
107006	2005.2164384	1.010289
107009	2005.2356164	0.838369
107012	2005.2547945	0.71654
107015	2005.2739726	0.61853
107018	2005.2931507	0.705539
107021	2005.3123288	0.718946
107024	2005.3315068	0.673897
107027	2005.3506849	0.530981
107030	2005.369863	0.368006
107033	2005.3890411	0.380075
107036	2005.4082192	0.438093
107039	2005.4273973	0.238275
107042	2005.4465753	0.290315
107045	2005.4657534	0.275979
107048	2005.4849315	0.285927
107051	2005.5041096	0.106293
107054	2005.5232877	0.128745
107057	2005.5424658	0.053386
107060	2005.5616438	0.061424
107063	2005.5808219	-0.078987
107066	2005.6	-0.068392
107069	2005.6191781	0.149422
107072	2005.6383562	0.207515
107075	2005.6575342	0.187315
107078	2005.6767123	0.018878
107081	2005.6958904	-0.066184
107084	2005.7150685	-0.043047
107087	2005.7342466	0.008457
107090	2005.7534247	-0.000188
107093	2005.7726027	0.017175
107096	2005.7917808	-0.070345
107099	2005.8109589	-0.109451
107102	2005.830137	-0.189195
107105	2005.8493151	-0.247805
107108	2005.8684932	-0.287055
107111	2005.8876712	-0.337063
107114	2005.9068493	-0.378085
107117	2005.9260274	-0.408078
107120	2005.9452055	-0.456669
107123	2005.9643836	-0.483053
107126	2005.9835616	-0.458925
107129	2006.0027397	-0.394666
107132	2006.0219178	-0.54817
107135	2006.0410959	-0.721612
107138	2006.060274	-0.819601
107141	2006.0794521	-0.931055
107144	2006.0986301	-0.764582
107147	2006.1178082	-0.740679
107150	2006.1369863	-0.846813
107153	2006.1561644	-0.949621
107156	2006.1753425	-0.80717
107159	2006.1945205	-0.776173
107162	2006.2136986	-0.757429
107165	2006.2328767	-0.726375
107168	2006.2520548	-0.550181
107171	2006.2712329	-0.591904
107174	2006.290411	-0.619254
107177	2006.309589	-0.636127
107180	2006.3287671	-0.595321
107183	2006.3479452	-0.457205
107186	2006.3671233	-0.354009
107189	2006.3863014	-0.240793
107192	2006.4054795	-0.179418
107195	2006.4246575	-0.218122
107198	2006.4438356	-0.175927
107201	2006.4630137	-0.053031
107204	2006.4821918	-0.014205
107207	2006.5013699	-0.102607
107210	2006.5205479	0.037206
107213	2006.539726	0.216424
107216	2006.5589041	0.316643
107219	2006.5780822	0.504724
107222	2006.5972603	0.412088
107225	2006.6164384	0.440898
107228	2006.6356164	0.548974
107231	2006.6547945	0.628998
107234	2006.6739726	0.646292
107237	2006.6931507	0.756123
107240	2006.7123288	0.696283
107243	2006.7315068	0.64881
107246	2006.7506849	0.679958
107249	2006.769863	0.688569
107252	2006.7890411	0.782147
107255	2006.8082192	0.861191
107258	2006.8273973	0.917571
107261	2006.8465753	1.030442
107264	2006.8657534	1.058896
107267	2006.8849315	1.06399
107270	2006.9041096	1.032179
107273	2006.9232877	1.048021
107276	2006.9424658	1.027949
107279	2006.9616438	0.942914
107282	2006.9808219	0.822517
107285	2007.0	0.676158
107288	2007.0191781	0.535633
107291	2007.0383562	0.502068
107294	2007.0575342	0.439731
107297	2007.0767123	0.337284
107300	2007.0958904	0.410455
107303	2007.1150685	0.329094
107306	2007.1342466	0.213921
107309	2007.1534247	0.022248
107312	2007.1726027	0.054129
107315	2007.1917808	0.0843
107318	2007.2109589	-0.022615
107321	2007.230137	-0.112659
107324	2007.2493151	-0.039804
107327	2007.2684932	-0.023595
107330	2007.2876712	-0.10616
107333	2007.3068493	-0.193851
107336	2007.3260274	-0.278134
107339	2007.3452055	-0.35231
107342	2007.3643836	-0.372081
107345	2007.3835616	-0.222353
107348	2007.4027397	-0.123352
107351	2007.4219178	-0.34516
107354	2007.4410959	-0.327308
107357	2007.460274	-0.37837
107360	2007.4794521	-0.498274
107363	2007.4986301	-0.621223
107366	2007.5178082	-0.528663
107369	2007.5369863	-0.469749
107372	2007.5561644	-0.425923
107375	2007.5753425	-0.432297
107378	2007.5945205	-0.580684
107381	2007.6136986	-0.621688
107384	2007.6328767	-0.631814
107387	2007.6520548	-0.613897
107390	2007.6712329	-0.625513
107393	2007.690411	-0.729603
107396	2007.709589	-0.795379
107399	2007.7287671	-0.851208
107402	2007.7479452	-0.803981
107405	2007.7671233	-0.896832
107408	2007.7863014	-0.943247
107411	2007.8054795	-0.945316
107414	2007.8246575	-1.044414
107417	2007.8438356	-1.121026
107420	2007.8630137	-1.268837
107423	2007.8821918	-1.307875
107426	2007.9013699	-1.252037
107429	2007.9205479	-1.09168
107432	2007.939726	-1.010114
107435	2007.9589041	-1.126942
107438	2007.9780822	-1.302878
107441	2007.9972603	-1.474381
107444	2008.0163934	-1.434729
107447	2008.0355191	-1.399986
107450	2008.0546448	-1.4246
107453	2008.0737705	-1.407183
107456	2008.0928962	-1.353242
107459	2008.1120219	-1.480015
107462	2008.1311475	-1.480301
107465	2008.1502732	-1.554205
107468	2008.1693989	-1.361506
107471	2008.1885246	-1.431184
107474	2008.2076503	-1.469762
107477	2008.226776	-1.415214
107480	2008.2459016	-1.35744
107483	2008.2650273	-1.254735
107486	2008.284153	-1.10764
107489	2008.3032787	-1.078254
107492	2008.3224044	-0.987545
107495	2008.3415301	-1.003007
107498	2008.3606557	-0.940721
107501	2008.3797814	-0.719002
107504	2008.3989071	-0.623561
107507	2008.4180328	-0.735726
107510	2008.4371585	-0.688369
107513	2008.4562842	-0.55973
107516	2008.4754098	-0.465015
107519	2008.4945355	-0.359476
107522	2008.5136612	-0.514028
107525	2008.5327869	-0.457059
107528	2008.5519126	-0.486676
107531	2008.5710383	-0.48497
107534	2008.5901639	-0.597692
107537	2008.6092896	-0.489803
107540	2008.6284153	-0.538447
107543	2008.647541	-0.54739
107546	2008.6666667	-0.639646
107549	2008.6857923	-0.65604
107552	2008.704918	-0.722604
107555	2008.7240437	-0.747007
107558	2008.7431694	-0.663937
107561	2008.7622951	-0.626426
107564	2008.7814208	-0.708107
107567	2008.8005464	-0.744197
107570	2008.8196721	-0.838249
107573	2008.8387978	-0.833559
107576	2008.8579235	-0.939036
107579	2008.8770492	-1.012107
107582	2008.8961749	-1.131909
107585	2008.9153005	-1.209347
107588	2008.9344262	-1.352644
107591	2008.9535519	-1.369965
107594	2008.9726776	-1.349512
107597	2008.9918033	-1.310568
107600	2009.0109589	-1.279771
107603	2009.030137	-1.288339
107606	2009.0493151	-1.184702
107609	2009.0684932	-1.218921
107612	2009.0876712	-1.219411
107615	2009.1068493	-1.252732
107618	2009.1260274	-1.226529
107621	2009.1452055	-1.218097
107624	2009.1643836	-1.008572
107627	2009.1835616	-1.001185
107630	2009.2027397	-0.989798
107633	2009.2219178	-0.880013
107636	2009.2410959	-0.817009
107639	2009.260274	-0.657675
107642	2009.2794521	-0.576009
107645	2009.2986301	-0.59991
107648	2009.3178082	-0.53693
107651	2009.3369863	-0.486571
107654	2009.3561644	-0.399804
107657	2009.3753425	-0.343246
107660	2009.3945205	-0.23217
107663	2009.4136986	-0.327472
107666	2009.4328767	-0.17462
107669	2009.4520548	-0.005134
107672	2009.4712329	0.019853
107675	2009.490411	0.117805
107678	2009.509589	-0.005975
107681	2009.5287671	0.010576
107684	2009.5479452	0.160579
107687	2009.5671233	0.31357
107690	2009.5863014	0.251176
107693	2009.6054795	0.310751
107696	2009.6246575	0.395393
107699	2009.6438356	0.484895
107702	2009.6630137	0.434088
107705	2009.6821918	0.339005
107708	2009.7013699	0.365393
107711	2009.7205479	0.345881
107714	2009.739726	0.375071
107717	2009.7589041	0.459092
107720	2009.7780822	0.575634
107723	2009.7972603	0.76548
107726	2009.8164384	0.843017
107729	2009.8356164	0.996951
107732	2009.8547945	1.08302
107735	2009.8739726	1.016244
107738	2009.8931507	0.924639
107741	2009.9123288	1.039384
107744	2009.9315068	1.164473
107747	2009.9506849	1.283399
107750	2009.969863	1.386128
107753	2009.9890411	1.421057
107756	2010.0082192	1.35904
107759	2010.0273973	1.239377
107762	2010.0465753	1.132494
107765	2010.0657534	1.188682
107768	2010.0849315	1.344422
107771	2010.1041096	1.409643
107774	2010.1232877	1.364298
107777	2010.1424658	1.210097
107780	2010.1616438	1.215563
107783	2010.1808219	1.106255
107786	2010.2	1.037521
107789	2010.2191781	0.930537
107792	2010.2383562	0.768869
107795	2010.2575342	0.823349
107798	2010.2767123	0.767588
107801	2010.2958904	0.585132
107804	2010.3150685	0.503431
107807	2010.3342466	0.269051
107810	2010.3534247	0.135165
107813	2010.3726027	0.012311
107816	2010.3917808	-0.10429
107819	2010.4109589	-0.173629
107822	2010.430137	-0.403021
107825	2010.4493151	-0.516883
107828	2010.4684932	-0.528847
107831	2010.4876712	-0.491793
107834	2010.5068493	-0.716444
107837	2010.5260274	-0.698414
107840	2010.5452055	-0.68464
107843	2010.5643836	-0.761402
107846	2010.5835616	-0.922799
107849	2010.6027397	-1.006618
107852	2010.6219178	-1.076672
107855	2010.6410959	-1.049379
107858	2010.660274	-1.151772
107861	2010.6794521	-1.308733
107864	2010.6986301	-1.329659
107867	2010.7178082	-1.390272
107870	2010.7369863	-1.433889
107873	2010.7561644	-1.38583
107876	2010.7753425	-1.514966
107879	2010.7945205	-1.528976
107882	2010.8136986	-1.600399
107885	2010.8328767	-1.654398
107888	2010.8520548	-1.580236
107891	2010.8712329	-1.613378
107894	2010.890411	-1.621891
107897	2010.909589	-1.705565
107900	2010.9287671	-1.663516
107903	2010.9479452	-1.635372
107906	2010.9671233	-1.717895
107909	2010.9863014	-1.732038
107912	2011.0054795	-1.67945
107915	2011.0246575	-1.677484
107918	2011.0438356	-1.743984
107921	2011.0630137	-1.670255
107924	2011.0821918	-1.621599
107927	2011.1013699	-1.312877
107930	2011.1205479	-1.252142
107933	2011.139726	-1.297547
107936	2011.1589041	-1.265704
107939	2011.1780822	-1.008338
107942	2011.1972603	-0.928387
107945	2011.2164384	-0.879801
107948	2011.2356164	-0.941382
107951	2011.2547945	-0.710535
107954	2011.2739726	-0.638278
107957	2011.2931507	-0.60596
107960	2011.3123288	-0.57671
107963	2011.3315068	-0.615438
107966	2011.3506849	-0.463302
107969	2011.369863	-0.317585
107972	2011.3890411	-0.278911
107975	2011.4082192	-0.293965
107978	2011.4273973	-0.460965
107981	2011.4465753	-0.38966
107984	2011.4657534	-0.291558
107987	2011.4849315	-0.264698
107990	2011.5041096	-0.437729
107993	2011.5232877	-0.301137
107996	2011.5424658	-0.433527
107999	2011.5616438	-0.426634
108002	2011.5808219	-0.560218
108005	2011.6	-0.502044
108008	2011.6191781	-0.450201
108011	2011.6383562	-0.468619
108014	2011.6575342	-0.475585
108017	2011.6767123	-0.547266
108020	2011.6958904	-0.684136
108023	2011.7150685	-0.77046
108026	2011.7342466	-0.891614
108029	2011.7534247	-0.969681
108032	2011.7726027	-0.955547
108035	2011.7917808	-0.92628
108038	2011.8109589	-0.939377
108041	2011.830137	-0.990543
108044	2011.8493151	-0.982127
108047	2011.8684932	-0.955232
108050	2011.8876712	-0.93537
108053	2011.9068493	-0.961187
108056	2011.9260274	-0.987729
108059	2011.9452055	-1.137068
108062	2011.9643836	-1.293415
108065	2011.9835616	-1.458057
108068	2012.0027322	-1.343743
108071	2012.0218579	-1.313431
108074	2012.0409836	-1.33578
108077	2012.0601093	-1.467647
108080	2012.079235	-1.537532
108083	2012.0983607	-1.335472
108086	2012.1174863	-1.310844
108089	2012.136612	-1.381814
108092	2012.1557377	-1.406162
108095	2012.1748634	-1.289853
108098	2012.1939891	-1.325455
108101	2012.2131148	-1.26237
108104	2012.2322404	-1.139516
108107	2012.2513661	-0.941791
108110	2012.2704918	-0.821245
108113	2012.2896175	-0.758981
108116	2012.3087432	-0.818856
108119	2012.3278689	-0.732636
108122	2012.3469945	-0.754832
108125	2012.3661202	-0.776242
108128	2012.3852459	-0.72336
108131	2012.4043716	-0.602975
108134	2012.4234973	-0.747857
108137	2012.442623	-0.657682
108140	2012.4617486	-0.454789
108143	2012.4808743	-0.385134
108146	2012.5	-0.473596
108149	2012.5191257	-0.427745
108152	2012.5382514	-0.398185
108155	2012.557377	-0.291603
108158	2012.5765027	-0.217326
108161	2012.5956284	-0.236259
108164	2012.6147541	-0.11157
108167	2012.6338798	-0.12777
108170	2012.6530055	-0.190604
108173	2012.6721311	-0.180285
108176	2012.6912568	-0.172192
108179	2012.7103825	-0.21975
108182	2012.7295082	-0.164639
108185	2012.7486339	-0.003734
108188	2012.7677596	-0.004084
108191	2012.7868852	-0.096969
108194	2012.8060109	-0.118392
108197	2012.8251366	-0.174818
108200	2012.8442623	-0.150446
108203	2012.863388	-0.182594
108206	2012.8825137	-0.245559
108209	2012.9016393	-0.239598
108212	2012.920765	-0.274736
108215	2012.9398907	-0.476615
108218	2012.9590164	-0.457971
108221	2012.9781421	-0.451557
108224	2012.9972678	-0.558082
108227	2013.0164384	-0.562488
108230	2013.0356164	-0.63602
108233	2013.0547945	-0.64603
108236	2013.0739726	-0.559835
108239	2013.0931507	-0.382599
108242	2013.1123288	-0.45379
108245	2013.1315068	-0.62327
108248	2013.1506849	-0.734129
108251	2013.169863	-0.553355
108254	2013.1890411	-0.567353
108257	2013.2082192	-0.655045
108260	2013.2273973	-0.691641
108263	2013.2465753	-0.598662
108266	2013.2657534	-0.650791
108269	2013.2849315	-0.697582
108272	2013.3041096	-0.695578
108275	2013.3232877	-0.713121
108278	2013.3424658	-0.779124
108281	2013.3616438	-0.810265
108284	2013.3808219	-0.810616
108287	2013.4	-0.735681
108290	2013.4191781	-0.860457
108293	2013.4383562	-0.827484
108296	2013.4575342	-0.804856
108299	2013.4767123	-0.636776
108302	2013.4958904	-0.729995
108305	2013.5150685	-0.606971
108308	2013.5342466	-0.579047
108311	2013.5534247	-0.52008
108314	2013.5726027	-0.445529
108317	2013.5917808	-0.565063
108320	2013.6109589	-0.602009
108323	2013.630137	-0.5074
108326	2013.6493151	-0.405747
108329	2013.6684932	-0.434325
108332	2013.6876712	-0.357785
108335	2013.7068493	-0.467489
108338	2013.7260274	-0.479093
108341	2013.7452055	-0.547085
108344	2013.7643836	-0.456649
108347	2013.7835616	-0.436287
108350	2013.8027397	-0.344649
108353	2013.8219178	-0.273792
108356	2013.8410959	-0.151908
108359	2013.860274	-0.11708
108362	2013.8794521	-0.149952
108365	2013.8986301	-0.290452
108368	2013.9178082	-0.295313
108371	2013.9369863	-0.30719
108374	2013.9561644	-0.402498
108377	2013.9753425	-0.461789
108380	2013.9945205	-0.408604
108383	2014.0136986	-0.407541
108386	2014.0328767	-0.437353
108389	2014.0520548	-0.380669
108392	2014.0712329	-0.305156
108395	2014.090411	-0.141572
108398	2014.109589	-0.125594
108401	2014.1287671	-0.045033
108404	2014.1479452	0.146815
108407	2014.1671233	0.526963
108410	2014.1863014	0.601683
108413	2014.2054795	0.679626
108416	2014.2246575	0.776284
108419	2014.2438356	0.750687
108422	2014.2630137	0.86452
108425	2014.2821918	0.851462
108428	2014.3013699	0.86232
108431	2014.3205479	0.942834
108434	2014.339726	0.901089
108437	2014.3589041	0.903712
108440	2014.3780822	0.862069
108443	2014.3972603	0.816757
108446	2014.4164384	0.598508
108449	2014.4356164	0.574164
108452	2014.4547945	0.539723
108455	2014.4739726	0.549333
108458	2014.4931507	0.686347
108461	2014.5123288	0.493842
108464	2014.5315068	0.437897
108467	2014.5506849	0.41928
108470	2014.569863	0.504138
108473	2014.5890411	0.413322
108476	2014.6082192	0.518001
108479	2014.6273973	0.590183
108482	2014.6465753	0.619904
108485	2014.6657534	0.639541
108488	2014.6849315	0.67504
108491	2014.7041096	0.658294
108494	2014.7232877	0.648714
108497	2014.7424658	0.71836
108500	2014.7616438	0.777877
108503	2014.7808219	0.752658
108506	2014.8	0.784654
108509	2014.8191781	0.856139
108512	2014.8383562	0.878031
108515	2014.8575342	0.859411
108518	2014.8767123	0.824231
108521	2014.8958904	0.731704
108524	2014.9150685	0.725078
108527	2014.9342466	0.765901
108530	2014.9534247	0.734886
108533	2014.9726027	0.683658
108536	2014.9917808	0.678179
108539	2015.0109589	0.753253
108542	2015.030137	0.740588
108545	2015.0493151	0.701319
108548	2015.0684932	0.759089
108551	2015.0876712	0.934431
108554	2015.1068493	1.027954
108557	2015.1260274	1.065144
108560	2015.1452055	0.959666
108563	2015.1643836	1.177964
108566	2015.1835616	1.285835
108569	2015.2027397	1.460773
108572	2015.2219178	1.629991
108575	2015.2410959	1.636094
108578	2015.260274	1.726907
108581	2015.2794521	1.775419
108584	2015.2986301	1.801082
108587	2015.3178082	1.787468
108590	2015.3369863	1.909477
108593	2015.3561644	1.970555
108596	2015.3753425	2.031949
108599	2015.3945205	2.123734
108602	2015.4136986	2.01641
108605	2015.4328767	2.023068
108608	2015.4520548	1.976553
108611	2015.4712329	2.0369
108614	2015.490411	2.166294
108617	2015.509589	2.191005
108620	2015.5287671	2.311412
108623	2015.5479452	2.354087
108626	2015.5671233	2.509065
108629	2015.5863014	2.478347
108632	2015.6054795	2.4835
108635	2015.6246575	2.592361
108638	2015.6438356	2.552692
108641	2015.6630137	2.655657
108644	2015.6821918	2.750809
108647	2015.7013699	2.745853
108650	2015.7205479	2.742798
108653	2015.739726	2.788514
108656	2015.7589041	2.951039
108659	2015.7780822	3.044003
108662	2015.7972603	3.078041
108665	2015.8164384	3.035449
108668	2015.8356164	2.999784
108671	2015.8547945	2.957982
108674	2015.8739726	2.935543
108677	2015.8931507	2.874021
108680	2015.9123288	2.937683
108683	2015.9315068	2.996999
108686	2015.9506849	2.885823
108689	2015.969863	2.747244
108692	2015.9890411	2.703907
108695	2016.0081967	2.840194
108698	2016.0273224	2.967135
108701	2016.0464481	2.90905
108704	2016.0655738	2.710627
108707	2016.0846995	2.769099
108710	2016.1038251	2.556197
108713	2016.1229508	2.292189
108716	2016.1420765	2.198101
108719	2016.1612022	2.153718
108722	2016.1803279	2.177332
108725	2016.1994536	1.917832
108728	2016.2185792	1.733274
108731	2016.2377049	1.672867
108734	2016.2568306	1.649847
108737	2016.2759563	1.391745
108740	2016.295082	1.282231
108743	2016.3142077	1.18178
108746	2016.3333333	1.063047
108749	2016.352459	0.954036
108752	2016.3715847	0.855294
108755	2016.3907104	0.714258
108758	2016.4098361	0.701214
108761	2016.4289617	0.449882
108764	2016.4480874	0.528525
108767	2016.4672131	0.526523
108770	2016.4863388	0.513839
108773	2016.5054645	0.305552
108776	2016.5245902	0.379673
108779	2016.5437158	0.452778
108782	2016.5628415	0.403984
108785	2016.5819672	0.266837
108788	2016.6010929	0.182503
108791	2016.6202186	0.189488
108794	2016.6393443	0.171878
108797	2016.6584699	0.086956
108800	2016.6775956	0.055346
108803	2016.6967213	0.008405
108806	2016.715847	-0.061787
108809	2016.7349727	-0.065519
108812	2016.7540984	-0.167189
108815	2016.773224	-0.209157
108818	2016.7923497	-0.227084
108821	2016.8114754	-0.252765
108824	2016.8306011	-0.298532
108827	2016.8497268	-0.256023
108830	2016.8688525	-0.166728
108833	2016.8879781	-0.117666
108836	2016.9071038	-0.088286
108839	2016.9262295	-0.01889
108842	2016.9453552	-0.023245
108845	2016.9644809	0.022801
108848	2016.9836066	0.085453
108851	2017.0027397	0.173098
108854	2017.0219178	0.186067
108857	2017.0410959	0.180576
108860	2017.060274	0.127418
108863	2017.0794521	0.146364
108866	2017.0986301	0.264597
108869	2017.1178082	0.237676
108872	2017.1369863	0.222166
108875	2017.1561644	0.165586
108878	2017.1753425	0.272924
108881	2017.1945205	0.256123
108884	2017.2136986	0.145366
108887	2017.2328767	0.026402
108890	2017.2520548	0.142097
108893	2017.2712329	0.105105
108896	2017.290411	0.131722
108899	2017.309589	0.212067
108902	2017.3287671	0.223511
108905	2017.3479452	0.275234
108908	2017.3671233	0.257207
108911	2017.3863014	0.20265
108914	2017.4054795	0.212263
108917	2017.4246575	0.040528
108920	2017.4438356	0.089841
108923	2017.4630137	0.217029
108926	2017.4821918	0.283464
108929	2017.5013699	0.117764
108932	2017.5205479	0.219252
108935	2017.539726	0.221116
108938	2017.5589041	0.203065
108941	2017.5780822	0.318692
108944	2017.5972603	0.131053
108947	2017.6164384	0.134914
108950	2017.6356164	0.116375
108953	2017.6547945	0.060606
108956	2017.6739726	-0.144782
108959	2017.6931507	-0.158111
108962	2017.7123288	-0.259333
108965	2017.7315068	-0.37466
108968	2017.7506849	-0.433856
108971	2017.769863	-0.495207
108974	2017.7890411	-0.572316
108977	2017.8082192	-0.618644
108980	2017.8273973	-0.622197
108983	2017.8465753	-0.541632
108986	2017.8657534	-0.460395
108989	2017.8849315	-0.534231
108992	2017.9041096	-0.636586
108995	2017.9232877	-0.556236
108998	2017.9424658	-0.535945
109001	2017.9616438	-0.502791
109004	2017.9808219	-0.418841
109007	2018.0	-0.284398
109010	2018.0191781	-0.326957
109013	2018.0383562	-0.377839
109016	2018.0575342	-0.497467
109019	2018.0767123	-0.583277
109022	2018.0958904	-0.338319
109025	2018.1150685	-0.279088
109028	2018.1342466	-0.19435
109031	2018.1534247	-0.144862
109034	2018.1726027	0.010915
109037	2018.1917808	-0.009538
109040	2018.2109589	0.002651
109043	2018.230137	0.031453
109046	2018.2493151	0.179535
109049	2018.2684932	0.128812
109052	2018.2876712	0.217515
109055	2018.3068493	0.360383
109058	2018.3260274	0.453041
109061	2018.3452055	0.473555
109064	2018.3643836	0.625992
109067	2018.3835616	0.69758
109070	2018.4027397	0.642476
109073	2018.4219178	0.514317
109076	2018.4410959	0.512586
109079	2018.460274	0.591429
109082	2018.4794521	0.687565
109085	2018.4986301	0.575051
109088	2018.5178082	0.655256
109091	2018.5369863	0.662334
109094	2018.5561644	0.730019
109097	2018.5753425	0.754798
109100	2018.5945205	0.708886
109103	2018.6136986	0.836081
109106	2018.6328767	0.867506
109109	2018.6520548	0.834837
109112	2018.6712329	0.898809
109115	2018.690411	1.01622
109118	2018.709589	1.015426
109121	2018.7287671	1.07614
109124	2018.7479452	1.177895
109127	2018.7671233	1.191686
109130	2018.7863014	1.173137
109133	2018.8054795	1.177917
109136	2018.8246575	1.208118
109139	2018.8438356	1.250458
109142	2018.8630137	1.277895
109145	2018.8821918	1.21476
109148	2018.9013699	1.259172
109151	2018.9205479	1.292349
109154	2018.939726	1.220008
109157	2018.9589041	1.160778
109160	2018.9780822	1.19332
109163	2018.9972603	1.117698
109166	2019.0164384	1.227273
109169	2019.0356164	1.251751
109172	2019.0547945	1.193095
109175	2019.0739726	1.124793
109178	2019.0931507	1.243405
109181	2019.1123288	1.270526
109184	2019.1315068	1.262683
109187	2019.1506849	1.33342
109190	2019.169863	1.40723
109193	2019.1890411	1.255344
109196	2019.2082192	1.173785
109199	2019.2273973	1.210673
109202	2019.2465753	1.245345
109205	2019.2657534	1.215127
109208	2019.2849315	1.153686
109211	2019.3041096	1.044182
109214	2019.3232877	0.986021
109217	2019.3424658	0.900439
109220	2019.3616438	0.939136
109223	2019.3808219	0.940674
109226	2019.4	1.006219
109229	2019.4191781	0.863108
109232	2019.4383562	0.832236
109235	2019.4575342	0.810956
109238	2019.4767123	0.788589
109241	2019.4958904	0.599351
109244	2019.5150685	0.672599
109247	2019.5342466	0.742566
109250	2019.5534247	0.770126
109253	2019.5726027	0.700287
109256	2019.5917808	0.558684
109259	2019.6109589	0.490457
109262	2019.630137	0.536057
109265	2019.6493151	0.555346
109268	2019.6684932	0.546493
109271	2019.6876712	0.61183
109274	2019.7068493	0.582224
109277	2019.7260274	0.605354
109280	2019.7452055	0.647115
109283	2019.7643836	0.722678
109286	2019.7835616	0.681557
109289	2019.8027397	0.637855
109292	2019.8219178	0.553004
109295	2019.8410959	0.609525
109298	2019.860274	0.654845
109301	2019.8794521	0.691051
109304	2019.8986301	0.825672
109307	2019.9178082	1.010946
109310	2019.9369863	0.967963
109313	2019.9561644	1.021064
109316	2019.9753425	1.115232
109319	2019.9945205	1.075084
109322	2020.0136612	1.13508
109325	2020.0327869	1.161399
109328	2020.0519126	1.186762
109331	2020.0710383	1.16501
109334	2020.0901639	1.224589
109337	2020.1092896	1.187487
109340	2020.1284153	1.146275
109343	2020.147541	1.068887
109346	2020.1666667	1.16949
109349	2020.1857923	1.116223
109352	2020.204918	0.976225
109355	2020.2240437	0.83355
109358	2020.2431694	0.700103
109361	2020.2622951	0.725535
109364	2020.2814208	0.621345
109367	2020.3005464	0.543261
109370	2020.3196721	0.423477
109373	2020.3387978	0.331717
109376	2020.3579235	0.392687
109379	2020.3770492	0.324404
109382	2020.3961749	0.271526
109385	2020.4153005	0.135801
109388	2020.4344262	0.080258
109391	2020.4535519	-0.01129
109394	2020.4726776	0.09589
109397	2020.4918033	0.223228
109400	2020.510929	0.065222
109403	2020.5300546	0.0241
109406	2020.5491803	0.046418
109409	2020.568306	0.008691
109412	2020.5874317	-0.192419
109415	2020.6065574	-0.230316
109418	2020.6256831	-0.166567
109421	2020.6448087	-0.19886
109424	2020.6639344	-0.270213
109427	2020.6830601	-0.366466
109430	2020.7021858	-0.423968
109433	2020.7213115	-0.491646
109436	2020.7404372	-0.507865
109439	2020.7595628	-0.560697
109442	2020.7786885	-0.693608
109445	2020.7978142	-0.720843
109448	2020.8169399	-0.759955
109451	2020.8360656	-0.729671
109454	2020.8551913	-0.615588
109457	2020.8743169	-0.672702
109460	2020.8934426	-0.76278
109463	2020.9125683	-0.816896
109466	2020.931694	-0.769357
109469	2020.9508197	-0.814252
109472	2020.9699454	-0.922011
109475	2020.989071	-0.917355
109478	2021.0082192	-1.001626
109481	2021.0273973	-1.102009
109484	2021.0465753	-1.148565
109487	2021.0657534	-1.177963
109490	2021.0849315	-1.041896
109493	2021.1041096	-1.007309
109496	2021.1232877	-0.972078
109499	2021.1424658	-1.003838
109502	2021.1616438	-0.785956
109505	2021.1808219	-0.683016
109508	2021.2	-0.53738
109511	2021.2191781	-0.573153
109514	2021.2383562	-0.569851
109517	2021.2575342	-0.432999
109520	2021.2767123	-0.341008
109523	2021.2958904	-0.223463
109526	2021.3150685	-0.148401
109529	2021.3342466	-0.112123
109532	2021.3534247	-0.020713
109535	2021.3726027	0.152842
109538	2021.3917808	0.111729
109541	2021.4109589	0.083725
109544	2021.430137	-0.073361
109547	2021.4493151	-0.045467
109550	2021.4684932	0.022202
109553	2021.4876712	-0.011426
109556	2021.5068493	-0.248868
109559	2021.5260274	-0.305079
109562	2021.5452055	-0.33729
109565	2021.5643836	-0.351304
109568	2021.5835616	-0.47679
109571	2021.6027397	-0.392893
109574	2021.6219178	-0.331625
109577	2021.6410959	-0.375331
109580	2021.660274	-0.408752
109583	2021.6794521	-0.518721
109586	2021.6986301	-0.549414
109589	2021.7178082	-0.655616
109592	2021.7369863	-0.748461
109595	2021.7561644	-0.883573
109598	2021.7753425	-0.807008
109601	2021.7945205	-0.909583
109604	2021.8136986	-0.884232
109607	2021.8328767	-0.795147
109610	2021.8520548	-0.899948
109613	2021.8712329	-0.94325
109616	2021.890411	-1.028782
109619	2021.909589	-1.193103
109622	2021.9287671	-1.104268
109625	2021.9479452	-1.026247
109628	2021.9671233	-0.955561
109631	2021.9863014	-0.893818
109634	2022.0054795	-0.679009
109637	2022.0246575	-0.574312
109640	2022.0438356	-0.573155
109643	2022.0630137	-0.623603
109646	2022.0821918	-0.645625
109649	2022.1013699	-0.541101
109652	2022.1205479	-0.525072
109655	2022.139726	-0.744212
109658	2022.1589041	-0.845025
109661	2022.1780822	-0.600049
109664	2022.1972603	-0.751981
109667	2022.2164384	-0.828489
109670	2022.2356164	-0.83127
109673	2022.2547945	-0.64812
109676	2022.2739726	-0.534144
109679	2022.2931507	-0.526137
109682	2022.3123288	-0.505497
109685	2022.3315068	-0.504792
109688	2022.3506849	-0.514188
109691	2022.369863	-0.433824
109694	2022.3890411	-0.367429
109697	2022.4082192	-0.323057
109700	2022.4273973	-0.519799
109703	2022.4465753	-0.453394
109706	2022.4657534	-0.327263
109709	2022.4849315	-0.346142
109712	2022.5041096	-0.595783
109715	2022.5232877	-0.554429
109718	2022.5424658	-0.552478
109721	2022.5616438	-0.555301
109724	2022.5808219	-0.699699
109727	2022.6	-0.699494
109730	2022.6191781	-0.672343
109733	2022.6383562	-0.634522
109736	2022.6575342	-0.690782
109739	2022.6767123	-0.778692
109742	2022.6958904	-0.74012
109745	2022.7150685	-0.811328
109748	2022.7342466	-0.868972
109751	2022.7534247	-0.867063
109754	2022.7726027	-0.896786
109757	2022.7917808	-0.943793
109760	2022.8109589	-0.993364
109763	2022.830137	-0.958404
109766	2022.8493151	-0.863601
109769	2022.8684932	-0.858751
109772	2022.8876712	-0.774953
109775	2022.9068493	-0.783222
109778	2022.9260274	-0.772353
109781	2022.9452055	-0.727647
109784	2022.9643836	-0.794179
109787	2022.9835616	-0.822102
109790	2023.0027397	-0.785
109793	2023.0219178	-0.609287
109796	2023.0410959	-0.578204
109799	2023.060274	-0.623
109802	2023.0794521	-0.666357
109805	2023.0986301	-0.60549
109808	2023.1178082	-0.709895
109811	2023.1369863	-0.662766
109814	2023.1561644	-0.633171
109817	2023.1753425	-0.364817
109820	2023.1945205	-0.167867
109823	2023.2136986	-0.131324
109826	2023.2328767	-0.047617
109829	2023.2520548	0.082364
109832	2023.2712329	0.141169
109835	2023.290411	0.302422
109838	2023.309589	0.48135
109841	2023.3287671	0.447012
109844	2023.3479452	0.533499
109847	2023.3671233	0.604046
109850	2023.3863014	0.671829
109853	2023.4054795	0.831395
109856	2023.4246575	0.793994
109859	2023.4438356	0.836212
109862	2023.4630137	0.91028
109865	2023.4821918	0.951598
109868	2023.5013699	0.803452
109871	2023.5205479	0.841138
109874	2023.539726	0.96321
109877	2023.5589041	1.038742
109880	2023.5780822	1.14746
109883	2023.5972603	1.132123
109886	2023.6164384	1.209808
109889	2023.6356164	1.277262
109892	2023.6547945	1.283447
109895	2023.6739726	1.309885
109898	2023.6931507	1.252415
109901	2023.7123288	1.213494
109904	2023.7315068	1.182956
109907	2023.7506849	1.23329
