day	month	light_level	time	depth_m	Steenstrupia_rubra	Slabberia_halterata	Stomotoca_dinema	Turris_pileata	Bougainvillea_sp	Obelia_sp	Phialidium_sp	Cosmetira_pilosella	Saphenia_gracilis	Cyanea_capillata	Aurelia_aurita	Pleurobrachia_sp	Peachia_sp--larva	Arachnactis--larva	Tomopteris_helgolandica	Poecilochaetus--larva	Sagitta_bipunctata	Calanus_finmarchicus	Anomalocera_patersonii	Candacia_armata	Metridia_lucens	Caligus_rapax	Mysid_sp	Anchialus_agilis	Nyctiphanes_couchii	Cumacea	Hyperiid_sp	Apherusa_sp	Amphipoda	Leander_sp--larvae	Pandalid--larvae	Alpheus--larvae	Spirontocaris--larvae	Crangonid--larvae	Pontophilus--larvae	Homarus--larvae	Palinurus--phyllosoma	Galatheid--larvae	Galatheid--post-larvae	Upogebia--larvae	Upogebia--post-larvae	Callianassa--larvae	Axius--larvae	Pagurid--larvae	Pagurid--glaucothoe	Porcellana--zoea	Ebalia_sp--zoea	Crab--zoeas	Crab--megalopas	Echniospira--larvae	Limacina_retroversa	Tornaria--larvae	total_reported
17	June	daylight	16:19	0.0	0	0	0	0	0	0	0	0	0	0	0	0	0	0	0	0	0	40	0	1	0	0	0	0	0	0	0	0	0	1	0	0	0	0	0	0	0	4	0	0	0	0	0	0	0	62	0	496	361	0	0	0	965
17	June	daylight	16:00	4.5	0	0	0	6	0	0	0	0	0	0	0	0	0	0	0	0	10	410	1	0	0	1	0	0	0	0	0	20	0	2	10	0	0	0	0	0	2	60	10	110	0	0	0	0	0	710	0	2280	260	0	0	0	3892
17	June	daylight	15:40	16.2	0	0	0	15	0	0	0	2	0	0	0	4	0	0	1	0	10	870	2	0	10	6	0	0	0	0	0	50	0	3	150	0	0	0	0	0	0	290	10	580	0	0	0	50	0	1090	0	3080	210	20	10	0	6463
17	June	daylight	15:21	23.4	0	0	0	8	0	0	0	7	0	1	0	5	0	0	1	0	20	1490	7	60	0	5	0	0	1	0	0	90	0	1	190	0	0	0	0	0	3	390	0	760	0	10	0	10	0	1550	0	2740	270	10	34	0	7663
17	June	daylight	14:58	29.8	0	0	1	25	0	20	20	1217	0	2	0	0	0	0	1	1	100	2140	3	40	0	7	1	0	1	0	1	90	0	0	332	0	0	10	1	0	1	670	30	1700	0	10	1	80	1	2870	0	3640	470	10	10	0	13506
17	June	daylight	14:35	48.8	10	0	0	7	0	10	0	79	0	0	0	1	0	0	0	0	10	970	1	60	0	0	4	0	2	0	0	40	0	0	123	0	20	20	1	0	0	130	30	230	0	10	0	40	0	830	0	1180	410	0	0	0	4218
17	June	dusk	21:13	0.0	0	0	0	117	0	0	0	0	0	0	1	0	0	0	21	0	70	200	0	10	0	4	0	0	0	0	0	0	0	5	0	0	0	0	0	0	52	40	0	30	0	10	0	0	0	180	0	1760	0	20	0	0	2520
17	June	dusk	20:53	5.4	0	0	0	55	0	0	20	0	0	0	0	0	0	0	11	1	60	600	2	0	0	1	0	0	0	0	0	50	0	2	10	1	0	0	0	0	100	80	0	100	0	50	0	10	0	330	0	2180	0	0	0	0	3663
17	June	dusk	20:32	14.0	0	0	0	16	10	0	10	0	0	0	0	0	0	0	4	0	40	1010	2	0	0	1	0	0	0	0	0	120	0	4	51	0	0	10	0	0	72	140	20	280	0	30	0	60	0	380	0	2710	50	10	0	0	5030
17	June	dusk	20:13	24.8	0	0	0	18	10	0	20	1	2	0	0	0	0	0	12	1	20	690	0	80	0	0	0	0	0	0	0	300	0	0	64	0	0	0	1	0	15	210	0	250	0	30	0	50	0	450	0	2910	90	10	4	0	5238
17	June	dusk	19:50	31.3	5	0	0	12	80	20	100	251	37	0	1	2	1	1	10	3	60	640	0	220	0	2	3	0	1	0	1	880	0	5	325	0	0	70	5	0	7	360	70	170	0	0	0	260	4	380	0	6090	1100	0	0	0	11176
17	June	dusk	19:27	38.6	5	0	0	2	20	20	110	36	6	0	0	6	0	0	2	1	30	510	0	110	0	1	7	0	2	0	0	210	0	1	311	0	10	40	2	1	3	380	50	170	1	20	0	240	5	380	0	3590	1480	10	1	0	7773
18	June	dark	00:36	0.0	2	0	0	1	10	0	190	20	25	0	0	0	0	0	24	2	960	1330	0	730	10	2	21	3	2	4	0	240	0	1	20	0	0	50	0	0	12	350	20	400	0	50	0	140	2	5280	0	5370	1740	0	0	0	17011
18	June	dark	00:15	11.2	0	0	0	8	30	0	120	53	15	0	1	0	0	0	99	2	860	2850	1	150	80	2	68	11	9	1	0	190	1	2	181	0	0	93	0	0	44	460	70	170	0	10	1	210	10	150	0	7800	450	0	0	0	13202
17	June	dark	23:55	23.0	0	0	0	3	60	0	150	33	16	1	0	0	0	0	63	1	610	3520	0	120	30	3	84	8	7	1	0	150	1	1	202	0	0	86	1	0	34	320	70	220	0	0	0	280	14	320	0	5830	320	0	0	0	12559
17	June	dark	23:34	26.0	10	0	0	17	20	0	120	52	32	0	0	1	0	0	12	0	350	1030	1	140	30	1	54	14	2	8	1	140	12	0	110	0	0	123	0	0	7	170	60	170	1	10	0	150	31	250	0	1590	180	20	0	0	4919
17	June	dark	23:11	29.0	12	0	0	5	40	0	140	27	9	0	0	0	0	0	13	0	240	1050	0	190	20	3	153	14	2	10	1	60	14	0	80	0	0	105	2	0	5	220	70	130	0	20	0	140	21	930	0	1480	310	0	0	0	5516
17	June	dark	22:39	49.0	0	0	0	0	0	0	0	0	0	0	0	0	0	0	0	0	0	0	0	0	0	0	382	7	0	0	0	0	0	0	0	0	0	0	0	0	0	0	0	0	0	0	0	0	0	0	0	0	0	0	0	0	389
18	June	dawn	04:19	0.0	0	0	0	28	1	1	6	0	0	1	0	0	0	0	4	0	4	21	0	2	0	1	0	0	0	0	0	10	0	3	0	0	0	0	0	0	3	1	0	1	0	0	0	0	0	11	0	133	58	1	0	0	290
18	June	dawn	03:59	6.0	0	0	0	121	10	0	5	0	1	1	0	0	0	0	39	0	24	110	0	15	0	1	0	0	0	0	0	15	0	4	0	0	0	0	0	0	3	0	0	25	0	0	0	5	0	145	0	410	0	0	0	0	934
18	June	dawn	03:40	13.0	0	0	0	28	35	10	55	19	0	0	0	0	0	0	32	1	35	235	2	10	0	1	0	0	0	0	0	30	0	2	5	0	0	0	0	0	11	25	0	130	0	15	0	10	0	455	0	820	80	15	0	10	2071
18	June	dawn	03:19	18.0	0	0	0	3	10	0	120	91	2	0	0	0	0	0	100	1	50	480	2	110	20	0	2	0	0	0	0	10	0	0	20	0	0	10	0	1	14	90	0	330	0	20	0	50	1	1540	0	1850	120	0	0	0	5047
18	June	dawn	02:58	26.8	54	0	0	2	50	40	290	66	1	0	1	6	0	0	24	0	29	610	2	80	20	2	45	3	0	0	0	50	0	0	50	1	0	10	1	0	4	380	100	220	2	0	0	140	29	2560	0	2470	320	0	0	0	7662
18	June	dawn	02:36	30.0	7	0	0	5	20	0	20	11	0	0	0	2	1	0	10	0	15	530	1	140	0	7	436	13	0	0	0	90	0	1	140	0	0	66	2	0	11	310	170	230	5	0	1	130	43	3600	0	3350	720	0	0	0	10087
18	June	daylight	09:30	0.0	0	0	0	4	0	0	0	0	0	0	0	0	0	0	0	0	3	0	0	0	0	0	0	0	0	0	0	0	0	0	0	0	0	0	0	0	0	0	0	0	0	0	0	0	0	5	0	47	15	0	0	0	74
18	June	daylight	08:45	3.2	0	0	0	4	0	0	40	0	0	0	0	0	0	0	1	0	6	7	0	0	0	0	0	0	0	0	0	1	0	2	0	0	0	0	0	0	0	4	2	5	0	0	0	0	0	33	0	317	63	0	0	0	485
18	June	daylight	08:27	7.5	0	0	0	15	0	0	50	0	0	1	0	0	0	0	0	0	17	175	0	0	0	0	0	0	0	0	0	0	0	4	5	0	0	0	0	0	1	5	0	75	0	0	0	10	0	410	0	665	125	0	0	0	1558
18	June	daylight	08:06	9.9	0	0	0	7	0	0	45	0	1	0	0	0	0	0	0	1	6	285	1	15	0	0	0	0	0	0	0	5	0	4	5	0	0	0	0	0	0	40	0	170	0	0	0	5	0	405	0	390	185	5	0	0	1580
18	June	daylight	07:46	20.8	0	0	0	17	0	5	50	1	0	0	0	0	0	0	2	2	7	620	2	20	0	4	0	0	0	0	0	15	0	4	30	0	0	5	1	0	1	90	10	190	0	10	0	20	1	1030	0	960	510	5	0	0	3608
18	June	daylight	07:25	31.4	6	0	0	4	0	25	40	18	2	0	0	2	0	0	0	5	13	330	2	5	0	1	0	0	0	0	0	25	0	1	50	0	0	10	1	0	3	305	15	165	0	10	0	35	0	885	0	1180	320	5	0	0	3458
18	June	dusk	21:06	0.0	0	0	0	97	0	177	22	0	0	0	0	0	0	0	3	1	65	44	0	1	0	1	0	0	0	0	0	0	0	2	0	0	0	0	0	0	0	0	0	2	0	2	0	0	0	6	0	33	7	1	0	8	472
18	June	dusk	20:49	3.2	0	0	0	38	0	185	40	1	0	0	0	0	0	0	8	0	67	220	1	0	0	0	0	0	0	0	0	0	0	0	0	0	0	0	0	0	16	0	0	15	0	15	0	0	0	85	0	410	0	5	0	0	1106
18	June	dusk	20:31	9.3	0	0	0	41	10	100	20	8	2	0	0	0	0	0	6	0	64	330	2	0	0	1	0	0	0	0	0	30	0	2	30	0	0	0	0	0	20	140	0	50	0	30	0	20	0	380	0	1490	10	30	0	0	2516
18	June	dusk	20:11	14.0	0	0	1	48	10	40	10	36	0	0	0	0	0	0	8	2	127	1160	3	20	0	3	0	0	0	0	0	40	0	11	140	0	0	0	0	0	42	670	0	560	0	60	0	80	0	840	0	4980	0	20	0	10	8021
18	June	dusk	19:53	19.4	0	0	0	70	0	40	10	30	3	0	0	0	0	0	8	10	88	1110	5	40	0	7	0	0	0	0	0	30	0	3	80	0	0	0	0	0	52	380	0	600	0	40	0	70	0	940	0	4080	70	60	0	20	7828
18	June	dusk	19:30	30.9	0	0	0	24	40	0	30	233	4	0	0	2	0	0	0	5	40	640	0	70	1	0	1	0	0	0	2	70	0	0	132	0	0	1	1	0	16	150	0	180	0	101	0	10	0	820	0	1750	80	40	0	10	4344
19	June	dark	00:13	0.0	1	0	0	21	0	0	20	38	9	0	0	0	0	0	3	4	420	400	0	210	0	2	3	0	2	1	4	100	0	0	40	0	0	10	0	0	20	130	40	40	0	0	0	60	4	30	0	3370	900	0	0	0	5882
18	June	dark	23:55	5.2	4	0	0	23	10	0	160	42	9	0	0	1	0	0	49	1	820	1840	3	80	10	1	19	3	5	3	1	150	1	4	110	0	0	201	0	0	53	330	90	360	0	150	0	120	7	70	0	5140	630	10	0	10	10520
18	June	dark	23:36	12.2	52	0	0	16	0	0	610	41	9	0	0	0	0	0	85	1	670	1230	4	30	0	1	19	8	4	0	0	110	0	2	80	0	0	60	0	0	16	330	50	210	1	90	0	50	9	310	0	4540	230	10	0	20	8898
18	June	dark	23:16	16.6	33	1	0	16	0	0	570	44	24	0	0	0	0	0	61	3	640	1810	2	80	10	3	40	11	8	1	1	80	0	1	240	0	0	61	1	0	31	690	70	400	1	60	0	140	6	1150	110	6910	400	20	0	10	13629
18	June	dark	22:55	20.7	15	1	1	53	0	0	150	47	20	0	0	0	1	1	49	8	360	1330	1	60	10	1	25	20	1	2	1	90	1	1	150	0	0	110	4	0	68	470	60	260	3	90	0	140	10	160	30	5210	390	40	0	0	8444
18	June	dark	22:33	25.8	26	0	1	62	10	20	260	113	25	0	0	0	0	0	33	11	260	2000	1	190	0	7	23	11	1	3	0	60	1	2	80	0	0	51	3	0	8	320	50	360	2	20	0	150	21	310	10	3480	500	20	0	0	8505
19	June	dawn	04:06	0.0	0	0	0	134	0	0	4	0	0	0	0	0	0	0	2	0	29	45	0	1	0	1	0	0	0	0	0	6	0	3	0	0	0	0	0	0	1	0	0	3	0	0	0	0	0	10	0	51	1	1	0	2	294
19	June	dawn	03:49	3.6	0	0	0	39	10	0	30	0	0	0	0	0	0	0	11	0	63	465	1	0	0	0	0	0	0	0	0	7	0	4	0	0	0	0	0	0	4	10	0	22	0	0	0	0	0	80	0	755	10	10	0	10	1531
19	June	dawn	03:28	8.0	1	0	1	50	10	30	40	4	0	0	0	0	0	0	59	1	90	460	0	0	0	5	0	0	0	0	0	60	0	2	20	0	0	0	0	0	13	50	20	330	0	30	2	20	0	480	0	1780	90	0	0	10	3658
19	June	dawn	03:09	13.9	0	0	0	19	30	0	80	65	2	1	0	0	0	0	84	1	64	340	1	160	10	6	2	1	1	0	0	40	0	1	40	0	0	0	0	0	12	190	40	650	0	70	2	20	1	870	0	3130	300	10	0	0	6243
19	June	dawn	02:49	23.7	4	0	5	21	120	30	290	25	2	1	0	5	0	0	8	1	131	360	0	100	10	3	9	2	0	0	1	20	0	4	40	0	0	0	0	0	7	340	120	180	0	10	1	100	5	1770	0	2230	330	30	0	0	6315
19	June	dawn	02:28	27.5	13	0	0	16	10	120	40	2	4	0	0	2	0	0	13	12	70	800	0	50	0	1	229	6	1	2	0	40	3	0	130	0	0	30	0	0	3	480	160	270	6	10	4	120	20	1550	0	3070	460	10	0	0	7577
19	June	daylight	09:12	0.0	0	0	0	1	0	0	0	0	0	0	0	0	1	0	1	0	5	12	9	0	0	0	0	0	0	0	0	0	0	1	0	0	0	0	0	0	0	0	0	1	0	0	0	0	0	4	0	119	22	0	0	0	176
19	June	daylight	08:54	4.0	0	0	0	4	0	11	23	0	0	0	0	1	0	0	0	0	32	314	0	0	0	0	0	0	0	0	0	0	0	1	0	0	0	0	0	0	0	1	0	3	0	0	0	0	0	12	0	239	19	0	0	0	660
19	June	daylight	08:35	11.1	0	0	0	58	0	155	110	0	0	0	0	0	0	0	3	0	57	1260	0	0	0	0	0	0	1	0	0	0	0	1	35	0	0	0	0	0	1	30	0	195	0	45	0	5	0	115	0	1170	35	5	0	0	3281
19	June	daylight	08:16	12.7	0	0	0	86	0	90	90	11	0	1	0	0	0	0	4	1	55	570	0	10	0	3	0	0	0	0	0	110	0	1	10	0	0	0	0	0	2	200	0	170	0	20	0	30	0	350	0	3420	70	30	0	0	5384
19	June	daylight	07:56	23.3	9	1	2	63	0	10	140	85	15	0	0	0	0	0	3	1	84	1410	4	20	0	6	1	0	2	0	2	270	0	1	170	0	0	60	1	0	9	440	10	300	0	20	0	40	0	1140	40	6330	140	30	0	0	8849
19	June	daylight	07:35	28.5	0	0	0	13	0	20	100	32	2	0	0	0	0	0	0	5	79	1310	3	70	0	10	0	0	2	0	0	100	0	0	250	0	0	20	1	0	32	650	0	480	0	50	0	120	0	1540	10	8850	360	40	0	0	14150

