MYA	WAD
543.7238	19.2216
543.9968	19.1659
544.2698	19.1103
544.5428	19.0547
544.8173	19.0546
545.0903	18.999
545.3633	18.9434
545.6362	18.8878
545.9109	18.8877
546.1838	18.8321
546.4567	18.7765
546.7314	18.7764
547.0044	18.7208
547.2774	18.6651
547.5518	18.6651
547.8249	18.6095
548.0979	18.5537
548.3724	18.5537
548.6454	18.4981
548.9199	18.4981
549.1929	18.4425
549.4659	18.3868
549.7389	18.3312
550.0134	18.3312
550.2864	18.2755
550.5594	18.2199
550.8338	18.2198
551.1069	18.1642
551.3814	18.1642
551.6543	18.1085
551.9274	18.0529
552.2004	17.9973
552.4748	17.9971
552.7479	17.9416
553.0209	17.886
553.2953	17.8859
553.5684	17.8303
553.8414	17.7747
554.1159	17.7746
554.3889	17.7189
554.6635	17.7189
554.9365	17.6633
555.2094	17.6077
555.484	17.6076
555.757	17.552
556.0315	17.5518
556.3045	17.4963
556.5775	17.4407
556.8519	17.4405
557.125	17.385
557.3995	17.3849
557.6724	17.3293
557.9455	17.2737
558.2185	17.2181
558.4929	17.218
558.766	17.1623
559.0405	17.1623
559.3135	17.1067
559.5865	17.0511
559.861	17.051
560.134	16.9954
560.407	16.9397
560.6815	16.9397
560.9545	16.8841
561.2275	16.8284
561.502	16.8284
561.775	16.7727
562.0496	16.7727
562.3226	16.717
562.5956	16.6614
562.87	16.6614
563.1431	16.6058
563.4176	16.6057
563.6905	16.5501
563.9636	16.4944
564.2381	16.4944
564.511	16.4388
564.7856	16.4386
565.0586	16.3831
565.3331	16.383
565.6061	16.3274
565.8791	16.2718
566.1536	16.2717
566.4266	16.2161
566.701	16.216
566.9741	16.1604
567.2471	16.1048
567.5217	16.1047
567.7946	16.0491
568.0692	16.049
568.3422	15.9933
568.6152	15.9378
568.8897	15.9377
569.1627	15.882
569.4372	15.882
569.7102	15.8264
569.9832	15.7708
570.2577	15.7707
570.5322	15.7706
570.8052	15.7149
571.0796	15.7149
571.3527	15.6593
571.6257	15.6037
571.8987	15.5481
572.1732	15.548
572.4462	15.4924
572.7191	15.4368
572.9937	15.4367
573.2667	15.3811
573.5413	15.381
573.8143	15.3254
574.0888	15.3253
574.3618	15.2697
574.6348	15.2141
574.9093	15.214
575.1823	15.1584
575.4567	15.1583
575.7298	15.1027
576.0043	15.1026
576.2772	15.047
576.5518	15.0469
576.8248	14.9912
577.0993	14.9912
577.3723	14.9356
577.6453	14.88
577.9199	14.88
578.1928	14.8243
578.4674	14.8243
578.7404	14.7686
579.0134	14.713
579.2879	14.713
579.5609	14.6573
579.8354	14.6573
580.1084	14.6016
580.3829	14.6016
580.6559	14.546
580.9304	14.5459
581.2034	14.4903
581.4764	14.4346
581.7509	14.4346
582.0239	14.379
582.2984	14.3789
582.5714	14.3233
582.846	14.3232
583.1189	14.2676
583.3919	14.212
583.6665	14.2119
583.9395	14.1562
584.214	14.1562
584.487	14.1006
584.7614	14.1005
585.0345	14.0449
585.3075	13.9893
585.5819	13.9891
585.855	13.9336
586.1295	13.9335
586.4025	13.8779
586.677	13.8778
586.95	13.8222
587.2245	13.8221
587.4975	13.7665
587.7721	13.7665
588.0451	13.7107
588.318	13.6552
588.5926	13.6551
588.8656	13.5995
589.1401	13.5995
589.4131	13.5438
589.6876	13.5438
589.9606	13.4881
590.2351	13.4881
590.5081	13.4325
590.7811	13.3768
591.0556	13.3768
591.3286	13.3212
591.6031	13.3211
591.8761	13.2655
592.1506	13.2654
592.4236	13.2098
592.6982	13.2097
592.9712	13.1541
593.2442	13.0985
593.5187	13.0984
593.7917	13.0428
594.0662	13.0427
594.3392	12.987
594.6122	12.9315
594.8867	12.9314
595.1612	12.9313
595.4342	12.8757
595.7086	12.8756
595.9817	12.8199
596.2547	12.7644
596.5292	12.7643
596.8022	12.7086
597.0768	12.7086
597.3497	12.653
597.6242	12.653
597.8973	12.5973
598.1718	12.5973
598.4447	12.5415
598.7193	12.5415
598.9923	12.486
599.2652	12.4303
599.5398	12.4303
599.8128	12.3747
600.0873	12.3746
600.3603	12.319
600.6348	12.3189
600.9078	12.2633
601.1823	12.2631
601.4553	12.2076
601.7299	12.2075
602.0029	12.1519
602.2774	12.1518
602.5504	12.0962
602.8249	12.0961
603.0979	12.0405
603.3709	11.9849
603.6454	11.9848
603.9184	11.9292
604.1929	11.9291
604.4659	11.8735
604.7404	11.8735
605.0134	11.8178
605.2879	11.8178
605.5609	11.7621
605.8355	11.7621
606.1084	11.7065
606.383	11.7064
606.656	11.6508
606.9304	11.6507
607.2035	11.5951
607.478	11.595
607.751	11.5394
608.0255	11.5393
608.3	11.5393
608.573	11.4836
608.846	11.428
609.1205	11.428
609.3951	11.4279
609.6681	11.3723
609.9409	11.3166
610.2156	11.3166
610.4901	11.3165
610.7631	11.2609
611.0376	11.2608
611.3121	11.2608
611.5851	11.2051
611.8596	11.2051
612.1326	11.1494
612.4072	11.1494
612.4056	11.0937
612.6801	11.0937
612.9546	11.0937
613.2277	11.0381
613.5022	11.038
613.7752	10.9824
614.0497	10.9823
614.3242	10.9823
614.5972	10.9266
614.8717	10.9266
615.1461	10.9264
615.4208	10.9264
615.4192	10.8709
615.6922	10.8153
615.9668	10.8152
616.2398	10.7596
616.5143	10.7595
616.7873	10.7039
617.0603	10.6482
617.3348	10.6482
617.6078	10.5926
617.8822	10.5925
618.1553	10.5369
618.4298	10.5368
618.7027	10.4812
618.9758	10.4256
619.2503	10.4255
619.5248	10.4254
619.7993	10.4254
620.0724	10.3697
620.3469	10.3697
620.6214	10.3696
620.8959	10.3695
621.1689	10.3139
621.4419	10.2583
621.7164	10.2582
621.9909	10.2582
622.2655	10.2581
622.54	10.258
622.813	10.2024
623.0875	10.2024
623.362	10.2023
623.635	10.1467
623.9095	10.1466
624.184	10.1465
624.457	10.0909
624.7316	10.0908
625.0061	10.0908
625.2791	10.0352
625.5535	10.0351
625.8281	10.035
626.1011	9.9794
626.3756	9.9792
626.6486	9.9237
626.9231	9.9236
627.1961	9.8679
627.4707	9.8679
627.7452	9.8679
628.0182	9.8123
628.2927	9.8122
628.5672	9.8121
628.8401	9.7565
629.1147	9.7564
629.3892	9.7564
629.6638	9.7563
629.9383	9.7562
630.2113	9.7006
630.4858	9.7006
630.7603	9.7005
631.0348	9.7004
631.3094	9.7004
631.5838	9.7003
631.8569	9.6447
632.1314	9.6446
632.4059	9.6444
632.6804	9.6444
632.955	9.6444
633.2279	9.5888
633.5025	9.5887
633.777	9.5887
634.0515	9.5886
634.326	9.5885
634.6005	9.5885
634.8751	9.5884
635.1496	9.5883
635.4241	9.5883
635.6971	9.5326
635.9716	9.5326
636.2461	9.5325
636.5207	9.5324
636.7936	9.4768
637.0682	9.4767
637.3427	9.4767
637.6172	9.4766
637.8917	9.4765
638.1647	9.4209
638.4392	9.4209
638.7138	9.4208
638.9883	9.4207
639.2628	9.4207
639.5358	9.365
639.8103	9.365
640.0848	9.3649
640.3594	9.3648
640.6339	9.3648
640.9083	9.3647
641.1829	9.3646
641.4574	9.3646
641.732	9.3645
642.0065	9.3644
642.281	9.3644
642.5554	9.3643
642.83	9.3642
643.1046	9.3642
643.3791	9.3641
643.6521	9.3085
643.9266	9.3084
644.2011	9.3084
644.4756	9.3083
644.7501	9.3082
645.0247	9.3082
645.2992	9.3081
645.5737	9.308
645.8481	9.308
646.1227	9.3079
646.3973	9.3078
646.6718	9.3078
646.9463	9.3077
647.2208	9.3075
647.4953	9.3075
647.7699	9.3075
648.0444	9.3074
648.3189	9.3074
648.5918	9.2517
648.8664	9.2517
649.1409	9.2516
649.4155	9.2515
649.69	9.2515
649.9645	9.2514
650.2389	9.2513
650.5135	9.2513
650.7881	9.2511
651.0626	9.2511
651.3371	9.2511
651.6116	9.251
651.886	9.2509
652.1607	9.2509
652.4352	9.2508
652.7097	9.2507
652.9842	9.2507
653.2587	9.2506
653.5333	9.2505
653.8077	9.2505
654.0823	9.2504
654.3568	9.2503
654.6313	9.2503
654.9059	9.2502
655.1804	9.2501
655.4564	9.3056
655.7309	9.3056
656.0055	9.3054
656.28	9.3054
656.5545	9.3054
656.829	9.3053
657.1051	9.3608
657.3796	9.3607
657.6541	9.3607
657.6556	9.4162
657.9301	9.4161
658.2046	9.4161
658.4792	9.416
658.7537	9.4159
659.0282	9.4159
659.3027	9.4158
659.5773	9.4157
659.8518	9.4157
660.1278	9.4712
660.4022	9.4711
660.6768	9.471
660.9514	9.471
661.2274	9.5265
661.502	9.5264
661.7765	9.5263
662.051	9.5263
662.3255	9.5262
662.6	9.5261
662.8745	9.5261
663.1491	9.526
663.4236	9.5259
663.6981	9.5259
663.9742	9.5813
664.2487	9.5813
664.5232	9.5812
664.7976	9.5811
665.0722	9.5811
665.3468	9.581
665.6213	9.5809
665.8973	9.6364
666.1718	9.6364
666.4464	9.6362
666.7208	9.6362
666.9954	9.6362
667.2699	9.636
667.546	9.6916
667.8205	9.6915
668.095	9.6915
668.3695	9.6914
668.644	9.6913
668.9186	9.6913
669.1945	9.7467
669.4691	9.7467
669.7436	9.7466
670.0182	9.7465
670.2927	9.7465
670.5672	9.7464
670.8432	9.8018
671.1178	9.8018
671.3923	9.8018
671.6683	9.8573
671.9428	9.8572
672.2174	9.8571
672.4919	9.8571
672.7664	9.857
673.0409	9.8569
673.3154	9.8569
673.5899	9.8568
673.8645	9.8567
674.1405	9.9122
674.4151	9.9121
674.6896	9.9121
674.9641	9.912
675.2401	9.9675
675.5147	9.9674
675.7892	9.9674
676.0637	9.9673
676.3397	10.0228
676.6143	10.0227
676.8888	10.0227
677.1633	10.0226
677.4378	10.0225
677.7123	10.0225
677.9884	10.078
678.2629	10.0779
678.5373	10.0778
678.8119	10.0778
679.088	10.1332
679.3625	10.1332
679.637	10.1331
679.9115	10.133
680.1861	10.133
680.4606	10.1329
680.7351	10.1328
681.0096	10.1328
681.2841	10.1327
681.5587	10.1326
681.8332	10.1326
682.1092	10.1881
682.3837	10.188
682.6598	10.2435
682.9343	10.2434
683.2088	10.2434
683.2104	10.2989
683.4849	10.2988
683.7593	10.2988
684.0354	10.3543
684.31	10.3542
684.5859	10.4097
684.8605	10.4096
685.135	10.4096
685.4096	10.4095
685.6841	10.4094
685.9586	10.4094
686.2331	10.4093
686.5076	10.4092
686.7822	10.4092
687.0567	10.4091
687.3312	10.409
687.6057	10.409
687.8801	10.4089
688.1548	10.4088
688.4293	10.4088
688.7038	10.4087
688.9783	10.4086
688.9798	10.4642
689.2559	10.5197
689.5304	10.5196
689.8049	10.5194
690.0795	10.5194
690.3555	10.575
690.63	10.5749
690.9045	10.5748
691.1791	10.5748
691.4536	10.5747
691.7296	10.6301
692.0041	10.6301
692.2787	10.63
692.5532	10.63
692.8277	10.6299
693.1037	10.6854
693.3783	10.6853
693.6543	10.7408
693.9287	10.7408
694.2033	10.7407
694.4779	10.7406
694.7539	10.7961
695.0284	10.796
695.3045	10.8515
695.579	10.8515
695.8535	10.8514
696.128	10.8513
696.4041	10.9068
696.6785	10.9068
696.9546	10.9622
697.2292	10.9622
697.5037	10.9621
697.7782	10.962
698.0542	11.0175
698.3288	11.0175
698.6048	11.073
698.8793	11.0729
699.1539	11.0728
699.4299	11.1283
699.7044	11.1282
699.9788	11.1282
700.255	11.1837
700.5295	11.1836
700.804	11.1835
701.0785	11.1835
701.3546	11.2389
701.6291	11.2389
701.9036	11.2388
702.1797	11.2943
702.4542	11.2942
702.7287	11.2942
703.0048	11.3497
703.2793	11.3496
703.5537	11.3495
703.8298	11.405
704.1044	11.405
704.3789	11.4049
704.6534	11.4048
704.9294	11.4603
705.204	11.4603
705.4785	11.4602
705.753	11.4601
706.0275	11.4601
706.302	11.46
706.5781	11.5154
706.8526	11.5154
707.1271	11.5152
707.4016	11.5152
707.6762	11.5152
707.9506	11.5151
708.2267	11.5706
708.5011	11.5706
708.7758	11.5705
709.0503	11.5704
709.3248	11.5704
709.5993	11.5703
709.8754	11.6258
710.1499	11.6257
710.4243	11.6257
710.6989	11.6256
710.9735	11.6255
711.248	11.6255
711.524	11.6808
711.7985	11.6808
712.0731	11.6808
712.3476	11.6806
712.6221	11.6806
712.8965	11.6806
713.1711	11.6804
713.4457	11.6804
713.7202	11.6804
713.9947	11.6803
714.2692	11.6803
714.5436	11.6802
714.8197	11.7357
715.0943	11.7356
715.3688	11.7356
715.6433	11.7355
715.9179	11.7354
716.1924	11.7354
716.4668	11.7353
716.7429	11.7908
717.0175	11.7907
717.292	11.7907
717.5665	11.7906
717.841	11.7905
718.1155	11.7905
718.3901	11.7904
718.6646	11.7903
718.9391	11.7903
719.2136	11.7902
719.4881	11.7901
719.7627	11.7901
720.0372	11.79
720.3117	11.7899
720.5862	11.7899
720.8607	11.7898
721.1353	11.7896
721.4098	11.7896
721.6843	11.7896
721.9588	11.7894
722.2333	11.7894
722.5079	11.7894
722.7824	11.7893
723.0569	11.7893
723.3314	11.7892
723.6059	11.7891
723.8805	11.7891
724.155	11.789
724.4295	11.7889
724.704	11.7889
724.9785	11.7888
725.253	11.7887
725.5276	11.7887
725.8021	11.7886
726.0766	11.7885
726.3511	11.7885
726.6257	11.7884
726.9002	11.7883
727.1747	11.7883
727.4492	11.7882
727.7237	11.7881
727.9982	11.7881
728.2728	11.788
728.5473	11.7879
728.8218	11.7879
729.0963	11.7877
729.3708	11.7877
729.6454	11.7877
729.9199	11.7875
730.1944	11.7875
730.4689	11.7875
730.7433	11.7873
731.018	11.7873
731.2925	11.7873
731.567	11.7872
731.8415	11.7871
732.116	11.7871
732.3906	11.787
732.6651	11.7869
732.9396	11.7869
733.2141	11.7868
733.4886	11.7867
733.7631	11.7867
734.0377	11.7866
734.3122	11.7865
734.5867	11.7865
734.8612	11.7864
735.1358	11.7863
735.4102	11.7863
735.6848	11.7862
735.9593	11.7861
736.2338	11.7861
736.5084	11.786
736.7814	11.7304
737.0559	11.7303
737.3304	11.7303
737.6049	11.7302
737.8794	11.7301
738.154	11.7301
738.4285	11.73
738.7029	11.7299
738.9775	11.7299
739.252	11.7298
739.5266	11.7297
739.8011	11.7297
740.0756	11.7296
740.3501	11.7295
740.6246	11.7295
740.8976	11.6738
741.1721	11.6738
741.4466	11.6737
741.7212	11.6736
741.9957	11.6736
742.2702	11.6735
742.5447	11.6734
742.8193	11.6734
743.0937	11.6733
743.3668	11.6177
743.6413	11.6176
743.9158	11.6175
744.1903	11.6175
744.4649	11.6174
744.7393	11.6173
745.0139	11.6173
745.2884	11.6172
745.5629	11.6171
745.8375	11.6171
746.112	11.617
746.3865	11.6169
746.661	11.6169
746.934	11.5613
747.2085	11.5612
747.483	11.5611
747.7576	11.5611
748.0321	11.561
748.3066	11.5609
748.5811	11.5609
748.854	11.5051
749.1286	11.5051
749.4032	11.5051
749.6777	11.505
749.9522	11.505
750.2267	11.5049
750.5011	11.5048
750.7758	11.5048
751.0503	11.5047
751.3248	11.5046
751.5977	11.449
751.8723	11.449
752.1468	11.4489
752.4214	11.4487
752.6959	11.4487
752.9704	11.4487
753.2449	11.4485
753.5179	11.393
753.7924	11.3929
754.0669	11.3929
754.3415	11.3928
754.616	11.3927
754.8904	11.3927
755.165	11.3926
755.4395	11.3925
755.7141	11.3925
755.9886	11.3924
756.2616	11.3368
756.5361	11.3367
756.8106	11.3366
757.0851	11.3366
757.3597	11.3365
757.6341	11.3364
757.9087	11.3364
758.1817	11.2808
758.4562	11.2807
758.7307	11.2806
759.0052	11.2806
759.2798	11.2805
759.5543	11.2804
759.8288	11.2804
760.1033	11.2803
760.3778	11.2802
760.6524	11.2802
760.9268	11.2801
761.2014	11.28
761.4744	11.2244
761.7489	11.2243
762.0234	11.2243
762.298	11.2242
762.5725	11.2241
762.847	11.2241
763.1215	11.224
763.396	11.2239
763.6705	11.2239
763.9436	11.1683
764.2181	11.1682
764.4926	11.1681
764.7671	11.1681
765.0416	11.168
765.3162	11.1679
765.5907	11.1679
765.8652	11.1678
766.1397	11.1677
766.4142	11.1677
766.6888	11.1676
766.9633	11.1675
767.2378	11.1675
767.5123	11.1674
767.7868	11.1673
768.0613	11.1673
768.3359	11.1672
768.6104	11.1671
768.8834	11.1115
769.1579	11.1114
769.4324	11.1114
769.7069	11.1113
769.9815	11.1112
770.256	11.1112
770.5305	11.1111
770.805	11.111
771.0795	11.111
771.3541	11.1109
771.6286	11.1108
771.9031	11.1108
772.1776	11.1107
772.4521	11.1106
772.725	11.055
772.9997	11.055
773.2742	11.0549
773.5487	11.0548
773.8232	11.0548
774.0977	11.0547
774.3723	11.0546
774.6468	11.0546
774.9213	11.0545
775.1958	11.0544
775.4703	11.0544
775.7449	11.0543
776.0194	11.0542
776.2939	11.0542
776.5684	11.0541
776.8429	11.054
777.1175	11.054
777.392	11.0539
777.665	10.9983
777.9395	10.9982
778.214	10.9981
778.4885	10.9981
778.763	10.998
779.0376	10.9979
779.3121	10.9979
779.5866	10.9978
779.8611	10.9977
780.1356	10.9977
780.4102	10.9976
780.6846	10.9975
780.9592	10.9975
781.2337	10.9973
781.5082	10.9973
781.7828	10.9973
782.0573	10.9971
782.3317	10.9971
782.6063	10.9971
782.8808	10.9969
783.1554	10.9969
783.4299	10.9969
783.7044	10.9968
783.9774	10.9412
784.2519	10.9411
784.5264	10.9409
784.801	10.9409
785.0755	10.9409
785.35	10.9407
785.6245	10.9407
785.899	10.9407
786.1736	10.9407
786.4481	10.9405
786.7226	10.9405
786.9971	10.9405
787.2716	10.9404
787.5461	10.9403
787.8207	10.9403
788.0952	10.9402
788.3697	10.9401
788.6442	10.9401
788.9186	10.94
789.1933	10.9399
789.4678	10.9399
789.7423	10.9398
790.0168	10.9397
790.2898	10.8841
790.5643	10.884
790.8389	10.884
791.1134	10.8839
791.3879	10.8838
791.6623	10.8838
791.9369	10.8837
792.2115	10.8836
792.486	10.8836
792.7605	10.8835
793.035	10.8834
793.3094	10.8834
793.584	10.8833
793.8586	10.8832
794.1331	10.8832
794.4076	10.8831
794.6821	10.883
794.9567	10.883
795.2312	10.8829
795.5057	10.8828
795.7802	10.8828
796.0547	10.8827
796.3293	10.8826
796.6038	10.8826
796.8782	10.8824
797.1528	10.8824
797.4273	10.8824
797.7019	10.8822
797.9764	10.8822
798.2509	10.8822
798.5253	10.882
798.7999	10.882
799.0745	10.882
799.3474	10.8264
799.6219	10.8263
799.8965	10.8262
800.171	10.8262
800.4455	10.826
800.72	10.826
800.9946	10.826
801.2691	10.8258
801.5436	10.8258
801.8181	10.8258
802.0926	10.8256
802.3672	10.8256
802.6417	10.8256
802.9162	10.8255
803.1907	10.8254
803.4652	10.8254
803.7398	10.8253
804.0143	10.8252
804.2888	10.8252
804.5633	10.8251
804.8378	10.825
805.1124	10.825
805.3854	10.7692
805.6599	10.7692
805.9344	10.7692
806.2089	10.7691
806.4834	10.7691
806.758	10.769
807.0325	10.7689
807.307	10.7689
807.5815	10.7688
807.8559	10.7687
808.1306	10.7687
808.4051	10.7686
808.6796	10.7685
808.9541	10.7685
809.2286	10.7684
809.503	10.7683
809.7776	10.7683
810.0522	10.7682
810.3267	10.7681
810.6012	10.7681
810.8757	10.768
811.1503	10.7679
811.4248	10.7679
811.6993	10.7678
811.9738	10.7677
812.2483	10.7677
812.5229	10.7675
812.7974	10.7675
813.0704	10.7119
813.3449	10.7119
813.6194	10.7118
813.8939	10.7117
814.1685	10.7117
814.443	10.7116
814.7175	10.7115
814.992	10.7115
815.2665	10.7114
815.5411	10.7113
815.8155	10.7113
816.0901	10.7112
816.3646	10.7111
816.6391	10.7111
816.9137	10.7109
817.1882	10.7109
817.4627	10.7109
817.7372	10.7107
818.0117	10.7107
818.2847	10.6551
818.5593	10.655
818.8338	10.655
819.1083	10.6549
819.3828	10.6548
819.6573	10.6548
819.9318	10.6547
820.2064	10.6545
820.4809	10.6545
820.7553	10.6545
821.0299	10.6543
821.3044	10.6543
821.579	10.6543
821.8535	10.6542
822.128	10.6542
822.4025	10.6541
822.677	10.654
822.9516	10.654
823.2261	10.6539
823.5006	10.6538
823.7751	10.6538
824.0481	10.5981
824.3226	10.5981
824.5972	10.5979
824.8717	10.5979
825.1461	10.5979
825.4207	10.5977
825.6952	10.5977
825.9698	10.5977
826.2443	10.5976
826.5188	10.5976
826.7933	10.5975
827.0678	10.5974
827.3424	10.5974
827.6169	10.5973
827.8914	10.5972
828.1659	10.5972
828.4404	10.5971
828.7149	10.597
828.9879	10.5413
829.2625	10.5413
829.537	10.5413
829.8115	10.5412
830.086	10.5411
830.3605	10.5411
830.6351	10.541
830.9096	10.5409
831.1841	10.5409
831.4586	10.5408
831.733	10.5407
832.0077	10.5407
832.2822	10.5406
832.5567	10.5405
832.8312	10.5405
833.1057	10.5404
833.3803	10.5403
833.6533	10.4847
833.9278	10.4846
834.2023	10.4846
834.4768	10.4845
834.7513	10.4844
835.0259	10.4844
835.3004	10.4843
835.5749	10.4842
835.8494	10.4842
836.1239	10.4841
836.3985	10.484
836.673	10.484
836.9475	10.4839
837.222	10.4838
837.4965	10.4838
837.7711	10.4837
838.0456	10.4836
838.3201	10.4836
838.5931	10.428
838.8676	10.4279
839.1421	10.4278
839.4166	10.4278
839.6912	10.4277
839.9657	10.4276
840.2402	10.4276
840.5147	10.4275
840.7892	10.4274
841.0638	10.4274
841.3383	10.4273
841.6128	10.4272
841.8873	10.4272
842.1602	10.3715
842.4348	10.3715
842.7094	10.3714
842.9839	10.3713
843.2584	10.3713
843.5329	10.3712
843.8074	10.3711
844.082	10.3711
844.3565	10.371
844.631	10.3709
844.9055	10.3709
845.18	10.3708
845.4546	10.3707
845.729	10.3707
846.0036	10.3706
846.2781	10.3705
846.5526	10.3705
846.8256	10.3149
847.1001	10.3148
847.3747	10.3147
847.6492	10.3147
847.9237	10.3146
848.1982	10.3145
848.4727	10.3145
848.7473	10.3144
849.0218	10.3143
849.2963	10.3143
849.5693	10.2586
849.8437	10.2586
850.1183	10.2585
850.3929	10.2584
850.6674	10.2584
850.9419	10.2583
851.2164	10.2582
851.4909	10.2582
851.7654	10.2581
852.04	10.258
852.3145	10.258
852.589	10.2579
852.8635	10.2578
853.1381	10.2578
853.4126	10.2577
853.6871	10.2576
853.9616	10.2576
854.2346	10.202
854.5091	10.2019
854.7837	10.2018
855.0582	10.2018
855.3327	10.2017
855.6072	10.2016
855.8817	10.2016
856.1562	10.2015
856.4308	10.2014
856.7053	10.2014
856.9798	10.2013
857.2528	10.1457
857.5272	10.1456
857.8018	10.1455
858.0764	10.1455
858.3509	10.1454
858.6254	10.1453
858.8999	10.1453
859.1743	10.1452
859.449	10.1451
859.7235	10.1451
859.998	10.145
860.2725	10.1449
860.547	10.1449
860.8216	10.1448
861.0961	10.1447
861.3691	10.0891
861.6436	10.089
861.9181	10.089
862.1926	10.0889
862.4672	10.0888
862.7417	10.0888
863.0162	10.0887
863.2907	10.0886
863.5652	10.0886
863.8397	10.0885
864.1143	10.0884
864.3888	10.0884
864.6618	10.0328
864.9363	10.0327
865.2107	10.0326
865.4853	10.0326
865.7599	10.0325
866.0344	10.0324
866.3089	10.0324
866.5834	10.0323
866.8578	10.0322
867.1325	10.0322
867.407	10.0321
867.6815	10.032
867.956	10.032
868.229	9.9763
868.5034	9.9763
868.7781	9.9762
869.0526	9.9761
869.3271	9.9761
869.6016	9.976
869.8761	9.9759
870.1507	9.9759
870.4252	9.9758
870.6997	9.9757
870.9742	9.9757
871.2487	9.9756
871.5217	9.92
871.7962	9.9199
872.0708	9.9199
872.3453	9.9198
872.6198	9.9197
872.8942	9.9197
873.1688	9.9196
873.4434	9.9195
873.7179	9.9195
873.9924	9.9194
874.2669	9.9193
874.5413	9.9193
874.8159	9.9192
875.0905	9.9191
875.3635	9.8635
875.638	9.8634
875.9125	9.8634
876.187	9.8633
876.4616	9.8632
876.7361	9.8632
877.0106	9.8631
877.2851	9.863
877.5596	9.863
877.8342	9.8629
878.1087	9.8628
878.3832	9.8628
878.6562	9.8072
878.9306	9.8071
879.2052	9.807
879.4797	9.807
879.7543	9.8069
880.0288	9.8068
880.3033	9.8068
880.5777	9.8067
880.8523	9.8066
881.1269	9.8066
881.4014	9.8065
881.6759	9.8064
881.9504	9.8064
882.2234	9.7507
882.4979	9.7507
882.7725	9.7506
883.047	9.7505
883.3215	9.7505
883.596	9.7504
883.8705	9.7503
884.1451	9.7503
884.4196	9.7502
884.6926	9.6945
884.967	9.6945
885.2416	9.6944
885.5161	9.6944
885.7907	9.6943
886.0652	9.6942
886.3397	9.6942
886.6141	9.6941
886.8887	9.694
887.1632	9.694
887.4378	9.6939
887.7123	9.6938
887.9868	9.6938
888.2612	9.6937
888.5343	9.6381
888.8088	9.638
889.0834	9.638
889.3578	9.6379
889.6324	9.6378
889.9069	9.6378
890.1814	9.6377
890.456	9.6376
890.7305	9.6376
891.005	9.6375
891.278	9.5819
891.5525	9.5817
891.827	9.5817
892.1016	9.5817
892.3761	9.5816
892.6505	9.5815
892.9251	9.5815
893.1996	9.5814
893.4742	9.5813
893.7487	9.5813
894.0232	9.5812
894.2977	9.5811
894.5722	9.5811
894.8468	9.581
895.1213	9.5809
895.3958	9.5809
895.6688	9.5253
895.9433	9.5252
896.2178	9.5251
896.4923	9.5251
896.7669	9.525
897.0414	9.5249
897.3159	9.5249
897.5904	9.5248
897.8634	9.4692
898.1379	9.4691
898.4125	9.4689
898.687	9.4689
898.9615	9.4689
899.236	9.4687
899.5105	9.4687
899.7851	9.4687
900.0596	9.4686
900.3341	9.4686
900.6086	9.4685
900.8831	9.4684
901.1577	9.4684
901.4322	9.4683
901.7052	9.4127
901.9797	9.4126
902.2542	9.4126
902.5287	9.4125
902.8032	9.4123
903.0778	9.4123
903.3523	9.4123
903.6268	9.4122
903.9013	9.4122
904.1758	9.4121
904.4504	9.412
904.7248	9.412
904.9994	9.4119
905.2739	9.4118
905.5484	9.4118
905.8214	9.3561
906.096	9.3561
906.3705	9.3559
906.645	9.3559
906.9195	9.3559
907.194	9.3558
907.4686	9.3557
907.7431	9.3557
908.0176	9.3556
908.2921	9.3555
908.5666	9.3555
908.8412	9.3554
909.1157	9.3553
909.3902	9.3553
909.6646	9.3552
909.9377	9.2995
910.2122	9.2995
910.4867	9.2993
910.7597	9.2438
911.0343	9.2438
911.3088	9.2437
911.5833	9.2436
911.8578	9.2436
912.1323	9.2435
912.4069	9.2434
912.6814	9.2434
912.9559	9.2433
913.2304	9.2432
913.5049	9.2432
913.7795	9.2431
914.054	9.2429
914.3285	9.2429
914.6015	9.1873
914.876	9.1873
915.1505	9.1872
915.4251	9.1871
915.6996	9.1871
915.9741	9.187
916.2486	9.1869
916.5231	9.1869
916.7976	9.1868
917.0722	9.1867
917.3467	9.1867
917.6197	9.1311
917.8942	9.131
918.1687	9.1309
918.4432	9.1309
918.7178	9.1308
918.9923	9.1307
919.2668	9.1307
919.5413	9.1306
919.8157	9.1305
920.0904	9.1305
920.3649	9.1304
920.6394	9.1303
920.9139	9.1303
921.1869	9.0746
921.4614	9.0746
921.736	9.0745
922.0105	9.0744
922.285	9.0744
922.5594	9.0743
922.834	9.0742
923.1086	9.0742
923.3831	9.0741
923.6576	9.074
923.9321	9.074
924.2051	9.0183
924.4796	9.0183
924.7541	9.0182
925.0287	9.0181
925.3032	9.0181
925.5777	9.018
925.8521	9.0179
926.1267	9.0179
926.4013	9.0178
926.6758	9.0177
926.9503	9.0177
927.2248	9.0176
927.4993	9.0176
927.7723	8.9619
928.0469	8.9619
928.3214	8.9618
928.5958	8.9617
928.8704	8.9617
929.1449	8.9616
929.4195	8.9615
929.694	8.9615
929.9685	8.9614
930.2429	8.9613
930.5175	8.9613
930.7921	8.9612
931.0666	8.9611
931.3396	8.9055
931.6141	8.9054
931.8885	8.9054
932.1631	8.9053
932.4376	8.9052
932.7122	8.9052
932.9867	8.9051
933.2612	8.905
933.5356	8.905
933.8102	8.9049
934.0848	8.9048
934.3593	8.9048
934.6322	8.8492
934.9068	8.8491
935.1813	8.849
935.4558	8.849
935.7304	8.8489
936.0049	8.8488
936.2793	8.8488
936.5539	8.8487
936.8284	8.8486
937.103	8.8486
937.3775	8.8485
937.6505	8.7929
937.925	8.7928
938.1995	8.7927
938.474	8.7927
938.7486	8.7926
939.0231	8.7925
939.2976	8.7925
939.5721	8.7924
939.8466	8.7923
940.1212	8.7923
940.3957	8.7922
940.6702	8.7921
940.9447	8.7921
941.2192	8.792
941.4922	8.7364
941.7667	8.7363
942.0413	8.7363
942.3158	8.7362
942.5903	8.7361
942.8648	8.7361
943.1393	8.736
943.4139	8.7359
943.6884	8.7359
943.9628	8.7358
944.2374	8.7357
944.5119	8.7357
944.7849	8.68
945.0594	8.68
945.334	8.6799
945.6085	8.6798
945.883	8.6798
946.1575	8.6797
946.4321	8.6796
946.7066	8.6796
946.9811	8.6795
947.2556	8.6794
947.5301	8.6794
947.8047	8.6793
948.0792	8.6792
948.3537	8.6792
948.6267	8.6235
948.9012	8.6235
949.1757	8.6234
949.4502	8.6233
949.7248	8.6233
949.9992	8.6232
950.2738	8.6231
950.5483	8.6231
950.8228	8.623
951.0974	8.6229
951.3719	8.6229
951.6449	8.5673
951.9194	8.5672
952.1939	8.5671
952.4684	8.5671
952.7429	8.567
953.0175	8.5669
953.292	8.5669
953.5665	8.5668
953.841	8.5667
954.1156	8.5667
954.3901	8.5666
954.6646	8.5665
954.9391	8.5665
955.2136	8.5664
955.4866	8.5108
955.761	8.5107
956.0357	8.5106
956.3102	8.5106
956.5847	8.5105
956.8592	8.5104
957.1337	8.5104
957.4083	8.5103
957.6827	8.5102
957.9573	8.5102
958.2318	8.5101
958.5063	8.51
958.7809	8.51
959.0539	8.4544
959.3284	8.4543
959.6029	8.4542
959.8774	8.4542
960.1519	8.4541
960.4264	8.454
960.701	8.454
960.9755	8.4539
961.25	8.4538
961.5245	8.4538
961.7991	8.4537
962.0735	8.4536
962.3481	8.4536
962.6226	8.4535
962.8971	8.4534
963.1717	8.4534
963.4462	8.4533
963.7191	8.3977
963.9937	8.3976
964.2682	8.3975
964.5427	8.3975
964.8172	8.3974
965.0918	8.3973
965.3663	8.3973
965.6408	8.3972
965.9153	8.3971
966.1898	8.3971
966.4644	8.397
966.7389	8.3969
967.0119	8.3413
967.2864	8.3413
967.5609	8.3412
967.8354	8.3411
968.11	8.3411
968.3845	8.341
968.659	8.3409
968.9335	8.3409
969.208	8.3408
969.4826	8.3407
969.757	8.3407
970.0316	8.3406
970.3061	8.3405
970.5806	8.3405
970.8552	8.3404
971.1297	8.3403
971.4042	8.3403
971.6787	8.3402
971.9517	8.2846
972.2262	8.2845
972.5008	8.2844
972.7753	8.2844
973.0498	8.2843
973.3243	8.2842
973.5988	8.2842
973.8733	8.2841
974.1479	8.284
974.4224	8.284
974.6968	8.2839
974.9714	8.2838
975.2459	8.2838
975.5189	8.2281
975.7934	8.2281
976.068	8.228
976.3425	8.2279
976.617	8.2279
976.8915	8.2278
977.1661	8.2277
977.4405	8.2277
977.7151	8.2276
977.9896	8.2276
978.2641	8.2275
978.5387	8.2274
978.8132	8.2274
979.0877	8.2273
979.3622	8.2272
979.6367	8.2272
979.9113	8.2271
980.1858	8.227
980.4603	8.227
980.7332	8.1713
981.0078	8.1713
981.2823	8.1712
981.5569	8.1711
981.8314	8.1711
982.1059	8.171
982.3804	8.1709
982.6549	8.1709
982.9294	8.1708
983.204	8.1707
983.4785	8.1707
983.753	8.1706
984.0275	8.1705
984.302	8.1705
984.5766	8.1703
984.8511	8.1703
985.1256	8.1703
985.4001	8.1702
985.6731	8.1146
985.9476	8.1145
986.2222	8.1144
986.4967	8.1144
986.7711	8.1143
987.0457	8.1142
987.3202	8.1142
987.5948	8.1141
987.8693	8.114
988.1438	8.114
988.4183	8.1139
988.6928	8.1138
988.9674	8.1138
989.2419	8.1137
989.5164	8.1136
989.7909	8.1136
990.0654	8.1135
990.34	8.1134
990.6145	8.1134
990.8875	8.0578
991.162	8.0577
991.4365	8.0576
991.7109	8.0576
991.9855	8.0575
992.2601	8.0574
992.5346	8.0574
992.8091	8.0573
993.0836	8.0572
993.358	8.0572
993.6327	8.0571
993.9072	8.057
994.1817	8.057
994.4562	8.0569
994.7307	8.0568
995.0053	8.0568
995.2798	8.0567
995.5558	8.1122
995.8304	8.1121
995.8288	8.0566
996.1033	8.0565
996.1018	8.0009
996.3748	7.9453
996.6478	7.8897
